1168
0 0 0 1 0 0 2 0 2 1 0 2 2 1 2 2 1 1 2 1 0 1 2 1 2 2 1 2 
0 0 0 1 0 0 2 0 2 1 0 2 2 0 2 2 1 1 2 1 0 1 2 1 2 2 1 2 
0 0 0 1 0 0 2 0 2 1 0 2 2 0 2 2 0 1 2 1 0 1 2 1 2 2 1 2 
0 0 2 1 0 2 2 0 1 1 0 2 0 0 2 0 0 1 2 1 0 1 2 1 2 2 1 2 
0 0 2 1 0 2 2 0 1 1 0 2 0 0 2 0 0 1 2 1 0 0 2 1 2 2 1 2 
0 0 2 0 0 2 2 0 1 1 0 2 0 0 2 0 0 1 2 1 0 0 2 1 2 2 1 2 
0 0 2 1 0 2 1 0 1 2 0 2 0 0 2 0 0 1 2 1 0 0 2 1 0 2 1 2 
0 0 2 0 0 2 1 0 1 2 0 2 0 0 2 0 0 1 2 1 0 0 2 1 0 2 1 2 
0 0 2 0 0 2 1 0 1 2 0 2 0 0 2 0 0 1 2 0 0 0 2 1 0 2 1 2 
0 0 2 0 0 2 1 0 1 2 0 0 0 0 1 0 0 1 2 2 0 0 2 1 0 1 1 2 
0 0 2 0 0 2 1 0 1 2 0 0 0 0 0 0 0 1 2 2 0 0 2 1 0 1 1 2 
0 0 2 0 0 2 1 0 1 2 0 0 0 0 0 0 0 0 2 2 0 0 2 1 0 1 1 2 
0 0 2 1 0 2 2 0 1 1 0 0 0 0 0 0 0 0 2 2 0 0 2 1 0 1 1 0 
0 0 2 1 0 2 2 0 1 1 0 0 0 0 0 0 0 0 2 2 0 0 2 0 0 1 1 0 
0 0 2 1 0 2 2 0 1 1 0 0 0 0 0 0 0 0 2 2 0 0 2 0 0 1 0 0 
0 0 2 1 0 2 2 0 1 1 0 0 0 0 0 1 0 0 1 0 0 0 2 0 0 1 0 0 
0 0 2 1 0 2 2 0 1 1 0 0 1 0 0 1 0 0 2 0 0 0 2 0 0 1 0 0 
0 0 2 1 0 2 2 0 1 1 0 0 0 0 0 1 0 0 2 0 0 0 2 0 0 1 0 0 
0 0 2 1 0 2 2 0 1 1 0 0 0 0 0 0 0 2 0 0 0 0 0 0 0 1 0 0 
0 0 2 1 0 2 2 0 1 1 0 0 0 0 0 0 0 2 0 0 0 0 0 0 0 0 0 0 
0 0 2 0 0 2 2 0 1 1 0 0 0 0 0 0 0 2 0 0 0 0 0 0 0 0 0 0 
0 0 2 1 0 2 1 0 1 2 0 0 0 0 0 0 0 0 0 0 0 0 0 0 0 0 0 0 
0 0 2 0 0 2 1 0 1 2 0 0 0 0 0 0 0 0 0 0 0 0 0 0 0 0 0 0 
0 0 2 0 0 2 0 0 1 2 0 0 0 0 0 0 0 0 0 0 0 0 0 0 0 0 0 0 
0 0 2 0 0 2 0 0 1 1 0 0 0 0 0 0 0 0 0 0 0 0 0 0 0 0 0 0 
0 0 2 0 0 2 0 0 1 0 0 0 0 0 0 0 0 0 0 0 0 0 0 0 0 0 0 0 
0 0 2 0 0 2 0 0 1 0 0 0 0 0 0 0 0 1 0 0 0 0 0 0 0 0 0 0 
0 0 0 0 0 1 0 0 1 0 0 0 0 0 0 0 0 0 0 0 0 0 0 0 0 0 0 0 
4.47394e-08 0 0 0 0 0 0 0 1 0 0 0 0 0 0 0 0 0 0 0 0 0 0 0 0 0 0 0 
3.67442e-07 0 0 0 0 0 0 0 0 0 0 0 0 0 0 0 0 0 0 0 0 0 0 0 0 0 0 0 
0 1 2 2 2 1 2 2 1 2 2 2 1 1 2 1 1 1 2 1 1 0 1 1 1 2 2 1 
0 1 2 2 2 1 2 2 1 2 2 2 1 1 2 1 1 1 2 1 1 0 1 1 0 2 2 1 
0 1 2 2 2 1 2 2 1 2 2 2 1 1 2 1 1 1 2 1 1 0 1 1 0 2 2 0 
0 1 2 0 2 1 0 2 1 0 2 2 0 1 2 1 1 1 2 1 1 0 1 1 0 2 2 0 
0 1 2 0 2 1 0 2 1 0 2 2 0 1 2 1 1 1 2 1 0 0 1 1 0 2 2 0 
0 1 2 0 2 1 0 2 1 0 2 2 0 1 2 0 1 1 2 1 0 0 1 1 0 2 2 0 
0 1 2 0 2 1 0 2 1 0 2 0 0 1 0 0 1 1 2 1 0 0 1 0 0 2 0 0 
0 1 2 0 2 1 0 2 1 0 2 0 0 1 0 0 1 0 2 1 0 0 1 0 0 2 0 0 
0 1 2 0 2 1 0 2 1 0 2 0 0 1 0 0 1 0 2 0 0 0 1 0 0 2 0 0 
0 1 0 0 2 1 0 2 1 0 0 0 0 1 0 0 1 0 2 0 0 0 0 0 0 0 0 0 
0 1 0 0 2 1 0 2 1 0 0 0 0 0 0 0 1 0 2 0 0 0 0 0 0 0 0 0 
0 1 0 0 2 1 0 2 1 0 0 0 0 0 0 0 0 0 2 0 0 0 0 0 0 0 0 0 
1.53181e-06 0 0 0 0 0 0 0 0 0 0 0 0 0 0 0 0 1 0 0 0 0 0 0 0 0 0 0 
0.18 1 1 1 1 1 1 2 1 2 0 0 1 0 0 2 0 1 2 0 2 1 0 2 2 1 2 2 
0.0324 1 0 1 1 1 1 2 1 2 0 0 1 0 0 2 0 1 2 0 2 1 0 2 2 1 2 2 
0.005832 1 0 1 1 0 1 2 1 2 0 0 1 0 0 2 0 1 2 0 2 1 0 2 2 1 2 2 
0.00104976 1 1 1 1 1 1 2 2 2 0 0 1 0 0 2 0 1 2 0 0 1 0 0 2 1 2 2 
0.000188957 1 1 1 1 1 1 2 2 2 0 0 1 0 0 2 0 0 2 0 0 1 0 0 2 1 2 2 
3.40122e-05 1 1 1 1 1 1 2 2 2 0 0 1 0 0 2 0 0 2 0 0 0 0 0 2 1 2 2 
6.1222e-06 1 1 1 1 1 1 2 2 2 0 0 1 0 0 2 2 0 2 0 0 0 1 0 0 1 2 0 
1.102e-06 1 1 1 1 1 1 2 2 2 0 0 1 0 0 2 2 2 2 0 0 0 1 0 0 1 2 0 
1.98359e-07 1 0 1 1 1 1 2 2 2 0 0 1 0 0 2 2 2 2 0 0 0 1 0 0 1 2 0 
3.57047e-08 1 0 1 1 0 1 2 2 2 0 0 1 0 0 2 0 0 2 1 0 0 1 0 0 1 2 0 
6.42684e-09 0 0 1 1 0 1 2 2 2 0 0 1 0 0 2 0 0 2 1 0 0 1 0 0 1 2 0 
1.15683e-09 0 0 1 0 0 1 2 2 2 0 0 1 0 0 2 0 0 2 1 0 0 1 0 0 1 2 0 
2.0823e-10 0 0 1 0 0 1 1 2 2 0 0 1 0 0 2 0 0 2 1 0 0 1 0 0 1 2 0 
3.74813e-11 0 0 1 0 0 1 0 2 2 0 0 1 0 0 2 0 0 2 1 0 0 1 0 0 1 2 0 
6.74664e-12 0 0 1 0 0 1 0 2 2 0 0 1 0 0 2 0 0 2 0 0 0 1 0 0 1 2 0 
1.2144e-12 0 0 1 0 0 1 0 0 2 0 0 1 0 0 2 0 1 2 1 0 0 1 0 0 1 0 0 
2.18591e-13 0 0 1 0 0 1 0 0 2 0 0 1 0 0 2 0 1 2 0 0 0 1 0 0 1 0 0 
3.93464e-14 0 0 1 0 0 1 0 0 2 0 0 1 0 0 2 0 1 2 0 0 0 0 0 0 1 0 0 
7.08235e-15 0 0 1 0 0 1 0 1 2 0 0 0 0 0 0 0 1 0 0 0 0 0 0 0 1 0 0 
1.27482e-15 0 0 1 0 0 1 0 1 2 0 0 0 0 0 0 0 1 0 0 0 0 0 0 0 0 0 0 
2.29468e-16 0 0 0 0 0 1 0 1 2 0 0 0 0 0 0 0 1 0 0 0 0 0 0 0 0 0 0 
2.66274e-17 0 0 0 0 0 0 0 1 0 0 0 0 0 0 0 0 1 0 0 0 0 0 0 0 0 0 0 
0.18 2 2 1 1 2 1 1 1 2 1 1 0 2 1 0 1 2 1 2 2 0 1 2 0 1 1 0 
0.0324 2 2 0 1 2 1 1 1 2 1 1 0 2 1 0 1 2 1 2 2 0 1 2 0 1 1 0 
0.005832 2 2 1 1 2 2 1 1 1 1 1 0 2 1 0 1 2 1 2 2 0 1 2 0 1 1 0 
0.00104976 2 2 0 1 2 0 1 1 1 1 1 0 2 1 0 1 2 1 1 2 0 1 2 0 2 1 0 
0.000188957 2 2 0 1 2 0 1 1 1 1 1 0 2 1 0 1 2 1 0 2 0 1 2 0 2 1 0 
3.40122e-05 2 2 0 1 2 0 1 1 1 1 1 0 2 1 0 1 2 1 1 2 0 2 2 0 2 1 0 
6.1222e-06 2 2 0 1 2 0 1 1 0 1 1 0 2 1 0 1 2 1 1 0 0 2 1 0 2 2 0 
1.102e-06 2 2 0 1 2 0 1 1 0 0 1 0 2 1 0 1 2 1 1 0 0 2 1 0 2 2 0 
1.98359e-07 2 2 0 1 2 0 1 1 0 2 1 0 1 1 0 2 2 1 1 0 0 2 1 0 2 2 0 
3.57047e-08 2 2 0 1 2 0 1 1 0 1 1 0 2 1 0 2 2 1 1 0 0 2 0 0 2 0 0 
6.42684e-09 2 2 0 1 2 0 1 1 0 1 0 0 2 1 0 2 2 1 1 0 0 2 0 0 2 0 0 
1.15683e-09 2 2 0 1 2 0 1 1 0 1 1 0 2 2 0 2 1 1 1 0 0 2 0 0 2 0 0 
2.0823e-10 1 2 0 1 2 0 1 1 0 1 0 0 2 0 0 2 1 1 1 0 0 2 0 0 2 0 0 
3.74813e-11 0 2 0 1 2 0 1 1 0 1 0 0 2 0 0 2 1 1 1 0 0 2 0 0 2 0 0 
6.74664e-12 1 2 0 1 2 0 2 1 0 1 0 0 2 0 0 2 1 1 1 0 0 2 0 0 2 0 0 
1.2144e-12 1 0 0 1 0 0 2 1 0 1 0 0 2 0 0 2 2 1 1 0 0 2 0 0 2 0 0 
2.18591e-13 1 0 0 1 0 0 2 0 0 1 0 0 2 0 0 2 2 1 1 0 0 2 0 0 2 0 0 
3.93464e-14 1 0 0 1 0 0 2 0 2 1 0 0 2 0 0 2 2 1 1 0 0 2 0 0 2 0 0 
7.08235e-15 1 0 0 1 0 0 2 0 2 1 0 0 2 0 0 2 2 1 0 0 0 0 0 0 1 0 0 
1.27482e-15 1 0 0 1 0 0 2 0 2 1 0 0 2 0 0 2 2 1 0 0 0 0 0 0 0 0 0 
2.29468e-16 1 0 0 1 0 0 2 0 2 1 0 0 2 0 0 2 2 0 0 0 0 0 0 0 0 0 0 
3.30434e-17 1 0 0 1 0 0 2 0 0 0 0 0 0 0 0 0 2 0 0 0 0 0 0 0 0 0 0 
7.43477e-18 0 0 0 1 0 0 2 0 0 0 0 0 0 0 0 0 2 0 0 0 0 0 0 0 0 0 0 
1.33826e-18 0 0 0 1 0 0 2 1 0 0 0 0 0 0 0 0 2 0 0 0 0 0 0 0 0 0 0 
0 2 2 0 1 2 0 1 1 2 1 1 0 1 2 0 2 1 2 2 0 0 1 2 0 2 1 1 
0 2 2 0 1 2 0 1 1 2 0 1 0 1 2 0 2 1 2 2 0 0 1 2 0 2 1 1 
0 2 2 0 1 2 0 1 1 2 1 1 0 2 2 0 1 1 2 2 0 0 1 2 0 2 1 1 
0 1 2 0 1 2 0 1 1 0 1 0 0 2 2 0 1 1 2 2 0 0 1 2 0 2 1 1 
0 0 2 0 1 2 0 1 1 0 1 0 0 2 2 0 1 1 2 2 0 0 1 2 0 2 1 1 
0 1 2 0 1 2 0 2 1 0 1 0 0 2 2 0 1 1 2 2 0 0 1 2 0 2 1 1 
0 1 2 0 2 2 0 2 1 0 1 0 0 2 2 0 1 1 2 0 0 0 1 0 0 2 1 1 
0 1 2 0 2 2 0 2 1 0 1 0 0 2 2 0 1 1 2 0 0 0 0 0 0 2 1 1 
0 1 2 0 2 2 0 2 1 0 1 0 0 2 2 0 1 1 2 0 0 0 0 0 0 2 1 0 
0 1 2 0 2 2 0 2 1 0 0 0 0 0 0 0 1 1 0 0 0 0 0 0 0 2 1 0 
0 1 2 0 2 2 0 2 1 0 0 0 0 0 0 0 0 1 0 0 0 0 0 0 0 2 1 0 
0 1 2 0 2 2 0 2 1 0 0 0 0 0 0 0 0 1 0 0 0 0 0 0 0 2 0 0 
0 0 2 0 0 2 0 0 1 0 0 0 0 0 0 0 0 1 0 0 0 0 0 0 0 1 0 0 
0 0 1 0 0 2 0 0 2 0 0 2 1 0 2 1 0 2 2 2 0 0 2 2 2 1 1 2 
0 0 1 0 0 2 0 0 2 0 0 2 1 0 2 1 0 2 2 2 0 0 2 1 2 1 1 2 
0 0 1 0 0 2 0 0 2 0 0 2 1 0 2 1 0 2 2 2 0 0 2 0 2 1 1 2 
0 0 1 0 0 2 0 0 2 0 0 2 1 0 2 1 0 2 2 2 0 0 2 0 2 1 0 2 
0 0 1 0 0 2 0 0 2 0 0 0 1 0 2 1 0 1 2 2 0 2 2 0 2 1 0 1 
0 0 1 0 0 2 0 0 2 0 0 0 0 0 2 1 0 1 2 2 0 2 2 0 2 1 0 1 
0 0 1 0 0 2 0 0 2 0 0 0 0 0 2 0 0 1 2 2 0 2 2 0 2 1 0 1 
0 0 1 0 0 2 0 0 2 0 0 2 0 0 1 0 0 1 2 2 0 0 2 0 1 1 0 1 
0 0 1 0 0 2 0 0 2 0 0 2 0 0 1 0 0 1 2 2 0 0 2 0 0 1 0 1 
0 0 1 0 0 2 0 0 2 0 0 2 0 0 1 0 0 1 2 2 0 0 2 0 0 1 0 0 
0 0 1 0 0 2 0 0 2 0 0 0 0 0 1 2 0 1 2 2 0 0 2 0 0 1 0 0 
0 0 1 0 0 2 0 0 2 0 0 0 0 0 0 2 0 1 2 2 0 0 2 0 0 1 0 0 
0 0 1 0 0 2 0 0 2 0 0 0 0 0 0 2 0 0 2 2 0 0 2 0 0 1 0 0 
0 0 1 0 0 2 0 0 2 0 0 0 2 0 0 2 0 0 1 0 0 0 0 0 0 1 0 1 
0 0 1 0 0 2 0 0 2 0 0 0 2 0 0 2 0 0 1 0 0 0 0 0 0 0 0 1 
0 0 0 0 0 2 0 0 2 0 0 0 2 0 0 2 0 0 1 0 0 0 0 0 0 0 0 1 
0 0 0 0 0 0 0 0 1 0 0 0 2 0 0 2 0 0 1 0 0 0 0 0 1 0 0 1 
0 0 0 0 0 0 0 0 0 0 0 0 2 0 0 2 0 0 1 0 0 0 0 0 1 0 0 1 
0 0 0 0 0 0 0 0 0 0 0 0 2 0 0 2 0 0 1 0 0 1 0 0 1 0 0 1 
0 0 0 0 0 0 0 0 0 0 0 0 0 0 0 0 0 0 1 0 0 1 0 0 1 0 0 2 
0 0 0 0 0 0 0 0 0 0 0 0 0 0 0 0 0 0 1 0 0 0 0 0 1 0 0 2 
0 0 0 0 0 0 0 0 0 0 0 0 0 0 0 0 0 0 1 0 0 0 0 0 0 0 0 2 
1.26053e-13 0 0 0 0 0 0 0 0 0 0 0 0 0 0 0 0 0 1 0 0 0 0 0 0 0 0 1 
4.10361e-07 0 0 0 0 0 0 0 0 0 0 0 0 0 0 0 0 0 0 0 0 0 0 0 0 0 0 1 
0 0 2 1 0 1 1 0 2 2 2 1 1 2 1 1 2 2 1 2 2 0 1 2 0 2 1 2 
0 0 2 0 0 1 1 0 2 2 2 1 1 2 1 1 2 2 1 2 2 0 1 2 0 2 1 2 
0 0 2 0 0 1 0 0 2 2 2 1 1 2 1 1 2 2 1 2 2 0 1 2 0 2 1 2 
0 0 2 0 0 1 0 0 2 1 2 1 1 2 1 1 2 2 1 2 2 0 1 2 0 2 1 2 
0 0 2 0 0 1 0 0 2 0 2 1 1 2 1 1 2 2 1 2 2 0 1 2 0 2 1 2 
0 0 2 0 0 1 0 0 2 0 2 1 1 2 1 1 2 2 1 2 0 0 1 1 0 2 1 2 
0 0 2 0 0 1 0 0 2 0 2 1 1 2 1 1 2 2 1 2 0 0 1 0 0 2 1 2 
0 0 2 0 0 1 0 0 2 0 2 1 1 2 1 1 2 2 1 2 0 0 1 0 0 2 0 2 
0 0 2 0 0 1 0 0 2 0 2 0 1 2 1 1 2 2 1 2 0 0 1 0 0 2 0 2 
0 0 2 0 0 1 0 0 2 0 2 0 1 2 0 1 2 2 1 2 0 0 1 0 0 2 0 2 
0 0 2 0 0 1 0 0 2 0 2 0 1 2 0 1 2 1 1 2 0 0 1 0 0 2 0 2 
0 0 2 0 0 1 0 0 2 0 2 0 1 2 0 1 2 0 1 2 0 0 1 0 0 2 0 2 
0 0 1 0 0 2 0 0 1 0 2 0 1 2 0 1 2 0 1 0 0 0 1 0 0 2 0 2 
0 0 1 0 0 2 0 0 1 0 2 0 1 2 0 1 2 0 1 0 0 0 0 0 0 2 0 2 
0 0 0 0 0 2 0 0 1 0 2 0 1 2 0 1 2 0 1 0 0 0 0 0 0 2 0 2 
0 0 1 0 0 1 0 0 2 0 2 0 1 2 0 1 2 0 1 0 0 0 0 0 0 0 0 2 
0 0 0 0 0 1 0 0 2 0 2 0 1 2 0 1 2 0 1 0 0 0 0 0 0 0 0 2 
0 0 0 0 0 0 0 0 2 0 2 0 1 2 0 1 2 0 1 0 0 0 0 0 0 0 0 2 
0 0 0 0 0 0 0 0 1 0 2 0 1 2 0 1 2 0 1 0 0 0 0 0 0 0 0 2 
0 0 0 0 0 0 0 0 0 0 2 0 1 2 0 1 2 0 1 0 0 0 0 0 0 0 0 2 
0 0 0 0 0 0 0 0 0 0 2 0 1 2 0 1 2 0 1 0 0 0 0 0 0 1 0 2 
0 0 0 0 0 0 0 0 0 0 0 0 1 2 0 1 2 0 1 0 0 0 0 0 0 0 0 2 
0 0 0 0 0 0 0 0 0 0 0 0 0 2 0 1 2 0 1 0 0 0 0 0 0 0 0 2 
0 0 0 0 0 0 0 0 0 0 0 0 0 2 0 0 2 0 1 0 0 0 0 0 0 0 0 2 
7.09117e-09 0 0 0 0 0 0 0 0 0 0 0 0 0 0 0 1 0 1 0 0 0 0 0 0 0 0 0 
3.79783e-07 0 0 0 0 0 0 0 0 0 0 0 0 0 0 0 0 0 1 0 0 0 0 0 0 0 0 0 
0 1 1 2 2 1 2 2 1 1 2 1 0 1 2 1 1 2 1 2 0 0 1 0 2 2 0 2 
0 1 0 2 2 1 2 2 1 1 2 1 0 1 2 1 1 2 1 2 0 0 1 0 2 2 0 2 
0 1 1 2 2 1 2 2 2 1 2 1 0 1 2 1 1 2 1 2 0 0 1 0 2 2 0 2 
0 1 1 2 2 1 2 2 2 1 2 0 0 1 0 1 1 0 1 2 0 0 1 0 0 2 0 2 
0 1 0 2 2 1 2 2 2 1 2 0 0 1 0 1 1 0 1 2 0 0 1 0 0 2 0 2 
0 1 0 2 2 1 2 2 2 1 2 0 0 1 0 0 1 0 1 2 0 0 1 0 0 2 0 2 
0 1 0 0 2 0 2 2 0 1 2 0 0 1 0 0 1 0 1 0 0 0 1 0 0 2 0 2 
0 0 0 0 2 0 2 2 0 1 2 0 0 1 0 0 1 0 1 0 0 0 1 0 0 2 0 2 
0 2 0 0 2 0 2 1 0 1 2 0 0 1 0 0 1 0 1 0 0 0 1 0 0 2 0 2 
0 2 0 0 2 0 2 1 0 1 0 0 0 1 0 0 1 0 1 0 0 0 0 0 0 0 0 0 
0 2 0 0 2 0 2 1 0 1 0 0 0 0 0 0 1 0 1 0 0 0 0 0 0 0 0 0 
0 2 0 0 2 0 2 1 0 1 0 0 0 0 0 0 1 0 0 0 0 0 0 0 0 0 0 0 
0 0 0 0 0 0 0 1 0 1 0 0 0 0 0 0 0 0 0 0 0 0 0 0 0 0 0 0 
4.47512e-07 0 0 0 0 0 0 0 0 1 0 0 0 0 0 0 0 0 0 0 0 0 0 0 0 0 0 0 
0.18 2 2 0 1 1 2 1 2 2 2 0 0 1 0 0 1 1 1 2 2 0 1 1 1 1 2 2 
0.0324 2 2 0 1 1 2 1 2 2 2 0 0 1 0 0 1 1 1 2 2 0 1 1 0 1 2 2 
0.005832 2 2 0 1 1 0 1 2 2 2 0 0 1 0 0 1 2 1 0 2 0 1 1 0 1 2 2 
0.00104976 2 2 0 1 1 0 1 2 2 2 0 0 1 0 0 1 2 1 0 2 0 0 1 0 1 2 2 
0.000188957 2 2 0 1 1 0 1 2 2 2 0 0 1 0 0 1 2 0 0 2 0 0 1 0 1 2 2 
3.40122e-05 2 2 0 1 1 0 1 2 2 0 0 0 1 0 0 1 2 0 0 0 0 0 1 0 0 2 0 
6.1222e-06 2 2 0 1 1 0 1 2 2 0 0 0 0 0 0 1 2 0 0 0 0 0 1 0 0 2 0 
1.102e-06 2 2 0 1 1 0 1 2 2 0 0 0 0 0 0 1 2 0 0 0 0 0 0 0 0 2 0 
1.98359e-07 0 0 0 1 1 0 1 2 0 0 0 0 0 0 0 0 2 0 0 0 0 0 0 0 0 2 0 
3.57047e-08 0 0 0 0 1 0 1 2 0 0 0 0 0 0 0 0 2 0 0 0 0 0 0 0 0 2 0 
6.42684e-09 0 0 0 0 0 0 1 2 0 0 0 0 0 0 0 0 2 0 0 0 0 0 0 0 0 2 0 
1.07683e-06 0 0 0 0 0 0 0 0 0 0 0 0 0 0 0 0 0 0 0 0 0 0 0 0 0 1 0 
0.18 2 1 0 2 1 0 1 2 1 2 2 0 1 1 1 1 1 2 2 0 0 2 0 1 1 1 2 
0.0324 2 1 0 2 1 0 1 2 1 2 2 0 1 1 0 1 1 2 2 0 0 2 0 1 1 1 2 
0.005832 2 1 1 2 1 1 1 2 2 2 0 0 1 1 0 1 1 0 2 0 0 2 0 1 1 1 2 
0.00104976 2 1 1 2 1 1 1 2 2 2 0 0 1 1 0 1 1 0 2 0 0 2 0 1 1 0 2 
0.000188957 2 1 0 2 1 1 1 2 2 2 0 0 1 1 0 1 1 0 2 0 0 2 0 1 1 0 2 
3.40122e-05 2 1 0 2 1 0 1 2 0 2 0 0 1 1 0 1 1 0 2 0 0 2 0 1 1 0 2 
6.1222e-06 2 1 0 2 1 0 1 2 0 2 0 0 1 0 0 1 1 0 2 0 0 2 0 1 1 0 2 
1.102e-06 2 1 0 2 1 0 1 2 0 2 0 0 1 0 0 1 0 0 2 0 0 2 0 1 1 0 2 
1.98359e-07 0 1 0 0 1 0 1 2 0 0 0 0 1 0 0 1 0 0 2 0 1 2 0 2 1 0 1 
3.57047e-08 0 1 0 0 1 0 1 2 0 0 0 0 0 0 0 1 0 0 2 0 1 2 0 2 1 0 1 
6.42684e-09 0 0 0 0 1 0 1 2 0 0 0 0 0 0 0 1 0 0 2 0 1 2 0 2 1 0 1 
1.15683e-09 0 0 0 0 0 0 1 2 0 0 0 0 0 0 0 1 0 0 0 0 1 1 0 2 1 0 1 
2.0823e-10 0 0 0 0 0 0 1 2 0 0 0 0 0 0 0 1 0 0 0 0 0 1 0 2 1 0 1 
3.74813e-11 0 0 0 0 0 0 1 2 0 0 0 0 0 0 0 1 0 0 1 0 0 1 0 2 1 0 1 
6.74664e-12 0 0 0 0 0 0 1 0 0 0 0 0 0 0 0 1 0 0 1 0 0 1 0 0 2 0 1 
1.2144e-12 0 0 0 0 0 0 1 0 0 0 0 0 0 0 0 0 0 0 1 0 0 1 0 0 2 0 1 
2.18591e-13 0 0 0 0 0 0 1 0 0 0 0 0 0 0 0 0 0 0 0 0 0 1 0 0 2 0 1 
3.93464e-14 0 0 0 0 0 0 1 0 0 0 0 0 0 0 0 0 0 0 0 0 0 0 0 0 0 0 1 
0 0 2 1 2 1 2 2 1 2 1 1 0 1 2 0 2 2 1 2 2 0 2 1 0 2 1 0 
0 2 2 1 2 1 2 1 1 2 1 1 0 1 2 0 2 2 1 2 2 0 2 1 0 2 1 0 
0 2 2 0 2 1 0 1 1 0 1 1 0 1 2 0 2 2 1 2 0 0 2 1 0 2 1 0 
0 2 2 0 2 1 0 1 1 0 1 1 0 1 2 0 2 2 1 2 0 0 2 0 0 2 1 0 
0 2 2 0 2 1 0 1 1 0 1 1 0 1 2 0 2 2 0 2 0 0 2 0 0 2 1 0 
0 2 0 0 2 1 0 1 1 0 1 0 0 1 0 0 2 0 0 2 0 0 2 0 0 2 1 0 
0 2 0 0 2 0 0 1 1 0 1 0 0 1 0 0 2 0 0 2 0 0 2 0 0 2 1 0 
0 2 0 0 2 0 0 1 1 0 1 0 0 1 0 0 2 0 0 2 0 0 2 0 0 2 0 0 
0 2 0 0 2 0 0 1 0 0 1 0 0 1 0 0 2 0 0 0 0 0 0 0 0 0 0 0 
0 2 0 0 2 0 0 1 0 0 0 0 0 1 0 0 2 0 0 0 0 0 0 0 0 0 0 0 
0 2 0 0 2 0 0 1 0 0 0 0 0 1 0 0 2 0 0 0 0 0 0 0 0 1 0 0 
0 0 0 0 0 0 0 1 0 0 0 0 0 0 0 0 0 0 0 0 0 0 0 0 0 1 0 0 
1.13171e-07 0 0 0 0 0 0 0 0 0 0 0 0 0 0 0 0 0 0 0 0 0 0 0 0 1 0 0 
0 2 2 1 2 1 1 1 1 2 1 1 0 1 2 0 2 2 0 2 2 0 2 2 0 2 1 1 
0 2 2 0 2 1 1 1 1 2 1 1 0 1 2 0 2 2 0 2 2 0 2 2 0 2 1 1 
0 2 2 0 2 1 0 1 1 2 1 1 0 1 2 0 2 2 0 2 2 0 2 2 0 2 1 1 
0 2 2 0 2 1 0 1 1 0 1 1 0 1 2 0 2 2 0 2 0 0 2 0 0 2 0 0 
0 2 2 0 2 1 0 1 1 0 1 0 0 1 2 0 2 2 0 2 0 0 2 0 0 2 0 0 
0 2 0 0 2 0 0 1 0 0 1 0 0 1 0 0 2 0 0 2 0 0 2 0 0 2 1 0 
0 2 0 0 2 0 0 1 0 0 0 0 0 0 0 0 2 0 0 0 0 0 0 0 0 0 0 0 
4.08182e-11 0 0 0 0 0 0 0 2 0 0 0 0 0 0 0 0 0 0 0 0 0 0 0 0 1 0 0 
0 2 2 2 2 1 2 1 1 1 1 1 0 1 1 0 2 2 0 2 2 0 2 2 0 2 1 1 
0 2 2 2 2 1 2 1 1 1 1 1 0 1 1 0 2 2 0 2 2 0 2 2 0 2 1 0 
0 2 2 2 2 1 2 1 1 1 1 0 0 1 1 0 2 2 0 2 2 0 2 2 0 2 1 0 
0 2 2 0 2 1 1 1 1 1 1 1 0 1 2 0 2 2 0 2 2 0 2 2 0 2 1 0 
0 2 2 0 2 1 0 1 1 1 1 1 0 1 2 0 2 2 0 2 2 0 2 2 0 2 1 0 
0 2 2 0 2 1 0 1 1 0 1 1 0 1 2 0 2 2 0 2 2 0 2 2 0 2 1 0 
0.66407 1 1 0 1 1 0 2 2 0 2 0 1 1 0 2 1 2 2 1 1 1 2 1 2 1 2 1 
0.342859 0 1 0 1 1 0 2 2 0 2 0 1 1 0 2 1 2 2 1 1 1 2 1 2 1 2 1 
0.148047 0 1 0 0 1 0 2 2 0 2 0 1 1 0 2 1 2 2 1 1 1 2 1 2 1 2 1 
0.0561895 0 1 0 0 1 2 0 2 1 0 0 1 1 0 2 1 2 2 1 1 1 2 1 2 1 2 1 
0.0193642 0 1 0 0 1 2 0 2 1 0 0 1 0 0 2 1 2 2 1 1 1 2 1 2 1 2 1 
0.00619352 0 1 0 0 1 2 0 2 1 0 0 0 0 0 2 1 2 2 1 1 1 2 1 2 1 2 1 
0.00186686 0 1 2 0 1 1 0 2 2 0 0 0 0 2 0 1 2 0 1 1 1 2 1 2 1 2 1 
0.000536199 0 1 2 0 1 1 0 2 2 0 0 0 0 2 0 0 2 0 1 1 1 2 1 2 1 2 1 
0.000147967 0 1 2 0 1 1 0 2 2 0 0 0 0 2 0 0 2 0 1 1 0 2 1 2 1 2 1 
3.94793e-05 0 1 1 0 1 2 0 2 1 0 0 0 0 2 0 0 2 0 1 1 0 2 1 1 1 2 2 
1.02348e-05 0 1 1 0 1 2 0 2 1 0 0 0 0 2 0 0 2 0 1 1 0 2 1 0 1 2 2 
2.58818e-06 0 1 0 0 1 2 0 2 1 0 0 0 0 2 0 0 2 0 1 1 0 2 1 0 1 2 2 
5.48076e-07 0 1 1 0 1 2 0 2 1 0 0 0 0 2 0 0 2 0 1 1 0 2 1 0 1 2 0 
2.23048e-07 0 1 1 0 1 2 0 2 1 0 0 0 0 2 0 0 2 0 1 0 0 2 1 0 1 2 0 
6.98424e-08 0 0 1 0 1 2 0 2 1 0 0 0 0 2 0 0 2 0 1 0 0 2 1 0 1 2 0 
1.95535e-08 0 1 1 0 2 2 0 2 1 0 0 0 0 0 0 0 0 0 1 1 0 2 2 0 1 1 0 
5.13915e-09 0 1 0 0 2 2 0 2 1 0 0 0 0 0 0 0 0 0 1 1 0 2 2 0 1 1 0 
1.29613e-09 0 0 0 0 2 2 0 2 1 0 0 0 0 0 0 0 0 0 1 1 0 2 2 0 1 1 0 
3.35449e-05 0 0 2 0 0 1 0 0 1 0 0 0 0 0 0 0 1 0 1 1 0 2 2 0 1 1 0 
7.33942e-06 0 0 2 0 0 1 0 0 1 0 0 0 0 0 0 0 0 0 1 1 0 2 2 0 1 1 0 
1.57821e-06 0 0 2 0 0 1 0 0 1 0 0 0 0 0 0 0 0 0 0 1 0 2 2 0 1 1 0 
3.34477e-07 0 0 1 0 0 1 0 0 2 0 0 0 0 0 0 0 0 0 0 1 0 1 2 0 2 1 0 
9.47196e-13 0 0 1 0 0 1 0 0 2 0 0 0 0 0 0 0 0 0 0 1 0 0 2 0 2 1 0 
1.45034e-08 0 0 0 0 0 1 0 0 2 0 0 0 0 0 0 0 0 0 0 1 0 0 2 0 2 1 0 
2.97668e-09 0 0 1 0 0 2 0 0 2 0 0 0 0 0 0 0 0 0 0 1 0 0 2 0 0 1 0 
6.06031e-10 0 0 1 0 0 2 0 0 2 0 0 0 0 0 0 0 0 0 0 0 0 0 2 0 0 1 0 
1.22509e-10 0 0 0 0 0 2 0 0 2 0 0 0 0 0 0 0 0 0 0 0 0 0 2 0 0 1 0 
4.11643e-16 0 0 2 0 0 2 0 0 1 0 0 0 0 0 0 0 0 0 0 0 0 0 0 0 0 1 0 
1.63583e-16 0 0 2 0 0 2 0 0 1 0 0 0 0 0 0 0 0 0 0 0 0 0 0 0 0 0 0 
2.41693e-17 0 0 2 0 0 2 0 0 1 0 0 0 0 0 0 0 0 1 0 0 0 0 0 0 0 0 0 
9.4543e-18 0 0 0 0 0 1 0 0 1 0 0 0 0 0 0 0 0 0 0 0 0 0 0 0 0 0 0 
0.18 1 1 0 2 1 2 1 2 1 1 1 0 2 2 0 2 2 1 1 2 0 2 1 0 1 1 1 
0.0324 1 1 2 2 1 1 1 2 2 1 1 0 2 2 0 2 2 1 1 2 0 2 1 0 1 1 1 
0.005832 1 1 2 2 1 1 1 2 2 1 1 0 2 2 0 2 2 0 1 2 0 2 1 0 1 1 1 
0.00104976 1 1 2 2 1 1 1 2 2 1 0 0 2 2 0 2 2 0 1 0 0 2 1 0 1 1 1 
0.000188957 1 1 2 2 1 1 1 2 2 1 0 0 2 2 0 2 2 0 1 1 0 2 1 0 1 2 1 
3.40122e-05 1 1 2 2 1 1 1 2 2 0 0 0 2 2 0 2 2 0 1 1 0 2 1 0 1 2 1 
6.1222e-06 0 1 2 1 1 1 1 2 2 0 0 0 0 2 0 2 2 0 1 1 0 2 1 0 1 2 1 
1.102e-06 0 1 2 1 1 1 1 2 2 0 0 0 0 2 0 2 2 0 1 1 0 2 1 0 1 2 0 
1.98359e-07 0 1 2 0 1 1 1 2 2 0 0 0 0 2 0 2 2 0 1 1 0 2 1 0 1 2 0 
0 1 0 2 1 0 2 2 1 1 1 0 0 2 2 0 2 1 2 2 0 0 2 0 0 1 1 2 
0 1 0 2 1 0 2 2 0 1 1 0 0 2 2 0 2 1 2 2 0 0 2 0 0 1 1 2 
0 1 0 2 1 0 2 2 0 1 0 0 0 2 2 0 2 1 2 2 0 0 2 0 0 1 1 2 
0 1 0 2 1 0 2 2 0 1 2 0 0 2 0 0 1 1 2 0 0 0 0 0 0 1 1 2 
0 1 0 2 1 0 2 2 0 1 2 0 0 2 0 0 1 1 2 0 0 0 0 0 0 0 1 2 
0 0 0 2 1 0 2 2 0 1 2 0 0 2 0 0 1 1 2 0 0 0 0 0 0 0 1 2 
0 1 0 2 2 0 2 2 0 1 0 0 0 0 0 0 1 1 2 0 0 0 0 0 0 0 1 0 
0 1 0 2 2 0 2 2 0 1 0 0 0 0 0 0 0 1 2 0 0 0 0 0 0 0 1 0 
0 0 0 2 2 0 2 2 0 1 0 0 0 0 0 0 0 1 2 0 0 0 0 0 0 0 1 0 
2.94449e-17 0 0 2 0 0 2 0 0 1 0 0 0 0 0 0 1 0 0 0 0 0 0 0 0 0 0 0 
8.35061e-12 0 0 0 0 0 0 0 2 1 0 0 0 0 0 0 0 0 0 0 0 0 0 0 0 0 0 0 
0.18 1 0 0 2 0 2 1 1 1 1 0 0 2 0 0 2 1 0 2 0 0 2 1 0 1 2 1 
0.0324 1 0 0 2 0 2 1 1 1 1 0 0 2 0 0 2 1 0 2 0 0 2 0 0 1 2 1 
0.005832 1 0 0 2 0 2 1 0 1 1 0 0 2 0 0 2 1 0 2 0 0 2 0 0 1 2 1 
0.00104976 2 0 0 1 0 2 1 0 1 1 0 0 2 0 0 2 1 0 0 0 0 0 0 0 1 2 1 
0.000188957 2 0 0 1 0 2 1 0 1 1 0 0 2 0 0 2 1 0 0 0 0 0 0 0 1 2 0 
3.40122e-05 2 0 0 1 0 2 1 0 1 1 0 0 2 0 0 2 1 0 0 0 0 0 0 0 0 2 0 
6.1222e-06 0 0 0 1 0 2 1 0 1 0 0 0 0 0 0 2 1 0 0 0 0 0 0 0 0 0 0 
1.102e-06 0 0 0 1 0 2 1 0 1 0 0 0 0 0 0 2 0 0 0 0 0 0 0 0 0 0 0 
1.98359e-07 0 0 0 0 0 2 1 0 1 0 0 0 0 0 0 2 0 0 0 0 0 0 0 0 0 0 0 
1.16997e-08 0 0 0 0 0 0 0 0 1 0 0 0 0 0 0 0 0 0 0 0 0 0 0 0 0 1 0 
0 1 1 0 2 1 1 2 2 1 2 0 0 2 1 0 1 2 2 2 0 0 1 0 1 1 1 2 
0 1 0 0 2 1 1 2 2 1 2 0 0 2 1 0 1 2 2 2 0 0 1 0 1 1 1 2 
0 1 0 0 2 0 1 2 2 1 2 0 0 2 1 0 1 2 2 2 0 0 1 0 1 1 1 2 
0 1 0 0 2 0 1 2 0 1 2 0 0 2 0 0 1 0 2 0 0 0 1 0 1 1 1 2 
0 1 0 0 2 0 1 2 0 1 2 0 0 2 0 0 1 0 2 0 0 0 0 0 1 1 1 2 
0 1 0 0 2 0 1 2 0 1 2 0 0 2 0 0 1 0 2 0 0 0 0 0 1 0 1 2 
0 1 0 0 2 0 1 2 0 1 0 0 0 0 0 0 1 0 0 0 0 0 0 0 0 0 1 2 
0 1 0 0 2 0 1 2 0 1 0 0 0 0 0 0 0 0 0 0 0 0 0 0 0 0 1 2 
0 0 0 0 2 0 1 2 0 1 0 0 0 0 0 0 0 0 0 0 0 0 0 0 0 0 1 2 
0.4392 2 2 0 2 1 0 1 1 0 1 2 0 2 1 0 2 1 1 2 1 0 1 1 0 1 2 1 
0.146448 2 2 0 1 1 0 1 1 0 1 0 0 2 1 0 2 1 1 2 0 0 1 1 0 1 2 1 
0.0422237 2 2 0 1 1 0 1 1 0 0 0 0 2 1 0 2 1 1 2 0 0 1 1 0 1 2 1 
0.0111275 2 2 0 1 1 0 1 1 0 2 0 0 2 1 0 2 1 1 2 0 0 1 1 0 1 2 1 
0.00275877 2 0 0 1 1 0 1 1 0 2 0 0 2 0 0 2 1 1 2 0 0 1 1 0 1 2 1 
0.000654395 2 0 0 1 0 0 1 1 0 2 0 0 2 0 0 2 1 1 2 0 0 1 1 0 1 2 1 
0.000150116 2 0 0 1 0 0 1 1 0 2 0 0 2 0 0 2 1 1 2 0 0 1 0 0 1 2 1 
3.35448e-05 1 0 0 1 0 0 2 0 0 2 0 0 2 0 0 2 1 1 0 0 0 1 0 0 1 2 1 
7.33929e-06 1 0 0 1 0 0 2 0 0 2 0 0 2 0 0 2 1 1 0 0 0 0 0 0 1 2 1 
1.57815e-06 1 0 0 1 0 0 2 0 0 2 0 0 2 0 0 2 1 1 0 0 0 0 0 0 1 2 0 
3.34453e-07 1 0 0 1 0 0 2 0 0 0 0 0 0 0 0 2 1 1 0 0 0 0 0 0 0 0 0 
7.00114e-08 0 0 0 1 0 0 2 0 0 0 0 0 0 0 0 2 1 1 0 0 0 0 0 0 0 0 0 
1.45011e-08 0 0 0 1 0 0 2 0 0 0 0 0 0 0 0 2 0 1 0 0 0 0 0 0 0 0 0 
4.49168e-10 0 0 0 0 0 0 0 0 0 0 0 0 0 0 0 1 0 0 0 0 0 0 0 0 0 0 0 
0.18 1 1 0 2 2 1 1 1 2 2 2 0 2 1 0 2 1 0 2 0 0 1 2 2 1 1 1 
0.0324 1 1 0 2 2 1 1 1 2 2 2 0 2 1 0 2 1 0 2 2 0 1 1 2 1 2 1 
0.005832 1 1 0 2 2 0 1 1 0 2 2 0 2 1 0 2 1 0 2 1 0 1 2 2 1 2 1 
0.00104976 1 0 0 2 2 0 1 1 0 2 2 0 2 1 0 2 1 0 2 1 0 1 2 2 1 2 1 
0.000188957 1 2 0 2 1 0 1 2 0 2 2 0 2 1 0 2 1 0 2 1 0 1 2 2 1 2 1 
3.40122e-05 1 2 0 2 1 0 1 2 0 2 1 0 2 1 0 2 2 0 2 0 0 1 0 2 1 2 1 
6.1222e-06 1 2 0 2 1 0 1 2 0 2 0 0 2 1 0 2 2 0 2 0 0 1 0 2 1 2 1 
1.102e-06 1 2 0 2 1 0 1 2 0 2 1 0 2 2 0 2 1 0 2 0 0 1 0 2 1 2 1 
1.98359e-07 1 0 0 2 1 0 1 2 0 2 0 0 2 0 0 2 1 0 2 0 0 1 0 0 1 2 1 
3.57047e-08 0 0 0 2 1 0 1 2 0 2 0 0 2 0 0 2 1 0 2 0 0 1 0 0 1 2 1 
6.42684e-09 2 0 0 1 1 0 1 2 0 2 0 0 2 0 0 2 1 0 2 0 0 1 0 0 1 2 1 
1.15683e-09 1 0 0 1 0 0 2 2 0 2 0 0 2 0 0 2 1 0 0 0 0 1 0 0 1 2 1 
2.0823e-10 1 0 0 1 0 0 2 2 0 2 0 0 2 0 0 2 1 0 0 0 0 0 0 0 1 2 1 
3.74813e-11 1 0 0 1 0 0 2 2 0 2 0 0 2 0 0 2 1 0 0 0 0 0 0 0 1 2 0 
6.74664e-12 1 0 0 1 0 0 2 2 0 0 0 0 0 0 0 2 1 0 0 0 0 0 0 0 0 0 0 
1.2144e-12 0 0 0 1 0 0 2 2 0 0 0 0 0 0 0 2 1 0 0 0 0 0 0 0 0 0 0 
2.18591e-13 0 0 0 1 0 0 2 2 0 0 0 0 0 0 0 2 0 0 0 0 0 0 0 0 0 0 0 
8.82662e-12 0 0 0 0 0 0 0 2 0 0 0 0 0 0 0 0 0 0 0 0 0 0 0 0 1 0 1 
0.18 2 1 0 2 2 0 2 1 2 1 2 0 1 1 1 1 2 1 1 0 0 2 0 0 2 1 1 
0.0324 2 1 0 2 2 0 2 1 2 1 0 0 1 1 1 1 2 1 1 0 0 2 0 0 2 0 1 
0.005832 2 1 0 2 2 0 2 1 2 1 0 0 1 0 1 1 2 1 1 0 0 2 0 0 2 0 1 
0.00104976 2 1 0 2 2 0 2 1 2 1 0 0 1 0 1 1 2 1 1 0 0 2 0 0 2 0 0 
0.000188957 2 0 0 2 0 0 1 1 2 1 0 0 1 0 1 1 2 1 1 0 0 2 0 0 2 0 0 
3.40122e-05 2 0 0 2 0 0 1 0 2 1 0 0 1 0 1 1 2 1 1 0 0 2 0 0 2 0 0 
6.1222e-06 2 0 0 2 0 0 1 0 2 1 0 0 1 0 0 1 2 1 1 0 0 2 0 0 2 0 0 
9.17302e-07 2 0 0 2 0 0 1 0 0 1 0 0 1 0 0 1 2 1 0 0 0 0 0 0 0 0 0 
1.98359e-07 2 0 0 2 0 0 1 0 0 0 0 0 1 0 0 1 2 1 0 0 0 0 0 0 0 0 0 
1.65114e-07 0 0 0 0 0 0 1 0 0 0 0 0 1 0 0 1 0 1 0 0 0 0 0 0 0 0 0 
2.97206e-08 0 0 0 0 0 0 0 0 0 0 0 0 1 0 0 1 0 1 0 0 0 0 0 0 0 0 0 
0 0 0 2 0 1 2 0 2 2 0 2 1 0 2 2 0 1 1 1 1 1 1 2 1 2 1 2 
0 0 0 2 0 1 2 0 2 2 0 2 0 0 2 2 0 1 1 1 1 1 1 2 1 2 1 2 
0 0 0 2 0 1 2 0 2 2 0 2 0 0 2 2 0 1 1 1 0 1 1 2 1 2 1 2 
0 0 0 2 0 1 2 0 2 2 0 2 0 0 2 0 0 1 1 1 1 1 1 1 1 2 2 2 
0 0 0 2 0 1 2 0 2 2 0 2 0 0 2 0 0 1 1 1 0 1 1 1 1 2 2 2 
0 0 0 2 0 1 2 0 2 2 0 2 0 0 2 0 0 1 1 1 1 1 1 2 1 2 1 2 
0 0 0 2 0 1 2 0 2 2 0 0 0 0 1 0 0 1 0 1 1 1 1 2 1 2 1 2 
0 0 0 2 0 1 2 0 2 2 0 0 0 0 0 0 0 1 0 1 1 1 1 2 1 2 1 2 
0 0 0 2 0 1 2 0 2 2 0 0 0 0 0 0 0 0 0 1 1 1 1 2 1 2 1 2 
0 0 1 0 0 2 0 0 2 2 0 0 0 0 0 0 0 1 0 1 1 1 1 2 1 2 1 2 
0 0 1 0 0 2 0 0 2 2 0 0 0 0 0 0 0 1 0 1 1 0 1 2 1 2 1 2 
0 0 1 0 0 2 0 0 2 2 0 0 0 0 0 0 0 1 0 1 1 0 1 2 0 2 1 2 
0 0 1 0 0 2 0 0 2 2 0 0 0 0 0 0 0 1 0 1 1 0 1 2 0 2 1 1 
0 0 1 0 0 2 0 0 2 2 0 0 0 0 0 0 0 1 0 1 1 0 1 2 0 2 1 0 
0 0 0 0 0 2 0 0 2 2 0 0 0 0 0 0 0 1 0 1 1 0 1 2 0 2 1 0 
0 0 2 0 0 1 0 0 2 0 0 0 0 0 0 0 0 1 0 1 1 0 1 2 0 2 1 0 
0 0 2 0 0 1 0 0 2 0 0 0 0 0 0 0 0 1 0 0 1 0 1 2 0 2 1 0 
0 0 2 0 0 1 0 0 2 0 0 0 0 0 0 0 0 1 0 0 1 0 0 2 0 2 1 0 
0 0 1 0 0 2 0 0 2 0 0 0 0 0 0 0 0 1 2 0 1 0 0 2 0 0 1 0 
0 0 0 0 0 2 0 0 2 0 0 0 0 0 0 0 0 1 2 0 1 0 0 2 0 0 1 0 
0 0 2 0 0 2 0 0 1 0 0 0 0 0 0 0 0 1 2 0 1 0 0 2 0 0 1 0 
4.48861e-07 0 0 0 0 0 0 0 1 0 0 0 0 0 0 0 0 0 0 0 1 0 0 2 0 0 1 0 
0 0 0 0 0 0 0 0 1 0 0 0 0 0 0 0 0 0 0 0 0 0 0 2 0 0 1 0 
0 0 0 0 0 0 0 0 1 0 0 0 0 0 0 0 0 0 1 0 0 0 0 2 0 0 1 0 
2.54903e-08 0 0 0 0 0 0 0 1 0 0 0 0 0 0 0 0 0 0 0 0 0 0 0 0 0 1 0 
0.18 2 1 0 1 2 0 1 1 0 1 0 0 2 1 0 2 1 0 2 0 0 2 0 0 1 1 1 
0.0324 2 1 0 1 2 0 1 1 0 1 0 0 2 0 0 2 1 0 2 0 0 2 0 0 1 1 1 
0.005832 2 1 0 1 2 0 1 1 0 1 0 0 2 0 0 2 0 0 2 0 0 2 0 0 1 1 1 
0.00104976 2 0 0 1 0 0 1 1 0 1 0 0 2 0 0 2 0 0 0 0 0 0 0 0 1 1 1 
0.000188957 2 0 0 1 0 0 1 1 0 1 0 0 2 0 0 2 0 0 0 0 0 0 0 0 0 1 1 
3.40122e-05 2 0 0 1 0 0 1 1 0 1 0 0 2 0 0 2 0 0 0 0 0 0 0 0 0 1 0 
6.1222e-06 0 0 0 1 0 0 1 1 0 0 0 0 0 0 0 0 0 0 0 0 0 0 0 0 0 1 0 
1.102e-06 0 0 0 0 0 0 1 1 0 0 0 0 0 0 0 0 0 0 0 0 0 0 0 0 0 1 0 
0.066407 1 2 1 1 2 1 2 1 2 2 2 2 2 2 2 1 1 1 1 1 1 1 2 1 2 1 2 
0.0342859 1 2 1 1 2 1 2 1 2 2 2 2 2 2 2 1 1 1 1 1 0 1 2 1 2 1 2 
0.0148047 1 2 1 1 2 1 2 1 2 2 2 0 2 2 0 1 1 1 1 1 0 1 2 0 2 1 0 
0.00561895 1 2 1 1 2 1 2 1 2 2 2 0 2 2 0 1 1 0 1 1 0 1 2 0 2 1 0 
0.00193642 1 2 0 1 2 1 2 1 2 2 2 0 2 2 0 1 1 0 1 1 0 1 2 0 2 1 0 
0.000619352 1 2 0 1 2 0 2 1 0 2 0 0 2 0 0 1 1 0 1 1 0 1 2 0 2 1 0 
0.000186686 1 2 0 1 2 0 2 1 0 2 0 0 2 0 0 1 0 0 1 1 0 1 2 0 2 1 0 
4.28959e-05 1 2 0 1 2 0 2 1 0 2 0 0 2 0 0 1 0 0 0 1 0 1 2 0 2 1 0 
1.95587e-05 1 2 0 1 2 0 2 1 0 0 0 0 0 0 0 1 0 0 0 1 0 0 2 0 0 1 0 
6.67891e-06 1 2 0 1 2 0 2 1 0 0 0 0 0 0 0 0 0 0 0 1 0 0 2 0 0 1 0 
2.02099e-06 0 2 0 1 2 0 2 1 0 0 0 0 0 0 0 0 0 0 0 1 0 0 2 0 0 1 0 
1.43686e-07 0 0 0 0 0 0 1 1 0 0 0 0 0 0 0 0 0 0 0 1 0 0 2 0 0 1 0 
2.84471e-09 0 0 0 0 0 0 1 0 0 0 0 0 0 0 0 0 0 0 0 0 0 0 0 0 0 0 0 
0.4392 2 1 2 2 2 1 2 2 1 1 2 1 1 1 2 1 1 2 1 1 0 1 2 0 2 1 0 
0.146448 2 1 2 2 2 1 2 2 1 1 0 0 1 1 0 1 1 0 1 1 0 1 2 0 2 1 0 
0.0422237 2 1 2 2 2 1 2 2 1 1 0 0 1 0 0 1 1 0 1 1 0 1 2 0 2 1 0 
0.0111275 2 0 2 2 2 1 2 2 1 1 0 0 1 0 0 1 1 0 1 1 0 1 2 0 2 1 0 
0.00275877 2 0 2 2 0 1 2 0 1 1 0 0 1 0 0 1 1 0 1 1 0 2 2 0 1 1 0 
0.000654395 2 0 2 2 0 1 2 0 1 0 0 0 1 0 0 1 1 0 1 1 0 2 2 0 1 1 0 
0.000150116 2 0 2 2 0 1 2 0 1 0 0 0 0 0 0 1 1 0 1 1 0 2 2 0 1 1 0 
7.00192e-08 0 0 0 0 0 1 0 0 2 0 0 0 0 0 0 0 0 0 0 1 0 1 2 0 2 1 0 
0.18 0 1 1 0 2 1 1 2 1 2 1 0 2 1 2 2 2 1 1 1 0 2 2 0 2 1 0 
0.0324 0 1 1 0 2 1 1 2 1 2 1 0 2 1 2 2 2 1 0 1 0 2 2 0 2 1 0 
0.005832 0 1 1 0 2 1 1 2 1 2 1 0 2 1 0 2 2 1 2 1 0 2 2 0 1 1 0 
0.00104976 0 1 1 0 2 1 1 2 1 2 1 0 2 1 0 2 2 0 2 1 0 2 2 0 1 1 0 
0.000188957 0 1 1 0 2 1 1 2 1 2 0 0 2 1 0 2 2 0 2 1 0 2 2 0 1 1 0 
3.40122e-05 0 1 1 0 2 1 1 2 1 0 1 0 2 2 0 2 2 0 2 1 0 2 2 0 1 1 0 
6.1222e-06 0 1 1 0 2 1 1 2 1 0 0 0 2 2 0 2 2 0 2 1 0 2 2 0 1 1 0 
1.102e-06 0 1 1 0 2 1 1 2 1 2 0 0 2 2 0 1 2 0 2 1 0 2 2 0 1 1 0 
1.98359e-07 0 2 1 0 2 1 1 1 1 2 0 0 2 0 0 1 0 0 2 1 0 2 2 0 1 1 0 
3.57047e-08 0 2 0 0 2 1 1 1 1 2 0 0 2 0 0 1 0 0 2 1 0 2 2 0 1 1 0 
6.42684e-09 0 2 0 0 2 0 1 1 1 2 0 0 2 0 0 1 0 0 2 1 0 2 2 0 1 1 0 
1.15683e-09 1 2 0 1 2 0 2 1 1 2 0 0 2 0 0 1 0 0 0 1 0 0 2 0 1 1 0 
2.0823e-10 1 2 0 1 2 0 2 1 0 2 0 0 2 0 0 1 0 0 0 1 0 0 2 0 1 1 0 
0.779204 1 2 0 1 1 0 1 1 0 0 1 1 0 1 2 0 1 1 2 1 0 2 1 0 2 2 0 
0.505594 1 2 0 1 1 0 1 1 0 0 1 1 0 1 2 0 1 1 2 0 0 2 1 0 2 2 0 
0.278914 1 2 0 1 1 0 1 1 0 0 1 1 0 1 2 0 1 1 2 0 0 2 0 0 2 2 0 
0.134783 1 2 0 1 1 0 1 1 0 0 1 1 2 1 2 2 1 1 0 0 0 0 0 0 2 2 0 
0.0585356 1 2 0 1 1 0 1 1 0 2 1 1 2 1 2 2 1 1 0 0 0 0 0 0 2 2 0 
0.023306 1 2 0 1 1 0 1 1 0 2 0 1 2 1 2 2 1 1 0 0 0 0 0 0 2 2 0 
0.00863747 1 0 0 1 1 0 2 1 0 2 0 1 2 1 2 2 1 1 0 0 0 0 0 0 0 2 0 
0.0030148 1 0 0 1 0 0 2 1 0 2 0 1 2 1 2 2 1 1 0 0 0 0 0 0 0 2 0 
0.00100011 0 0 0 1 0 0 2 1 0 2 0 1 2 1 2 2 1 1 0 0 0 0 0 0 0 2 0 
0.000254088 0 0 0 0 0 0 0 1 0 2 0 1 2 1 2 2 1 1 0 0 0 0 0 0 0 2 0 
0.000123432 0 0 0 0 0 0 0 0 0 2 0 1 2 1 2 2 1 1 0 0 0 0 0 0 0 2 0 
4.52027e-05 0 0 0 0 0 0 0 0 0 2 1 1 2 1 2 2 1 1 0 0 0 0 0 0 0 2 0 
1.47405e-05 0 0 0 0 0 0 0 0 0 0 1 0 0 1 0 2 1 1 0 0 0 0 0 0 0 2 0 
4.50211e-06 0 0 0 0 0 0 0 0 0 0 0 0 0 1 0 2 1 1 0 0 0 0 0 0 0 2 0 
6.1091e-07 0 0 0 0 0 0 0 0 0 0 0 0 0 0 0 2 1 1 0 0 0 0 0 0 0 2 0 
6.45085e-07 0 0 0 0 0 0 0 0 0 0 0 0 0 0 0 0 1 1 0 0 0 0 0 0 0 0 0 
0.18 1 1 1 2 2 1 2 1 2 0 1 1 0 1 1 2 1 2 0 0 2 0 0 1 0 0 1 
0.0324 0 1 1 2 2 1 2 1 2 0 1 1 0 1 1 2 1 2 0 0 2 0 0 1 0 0 1 
0.005832 0 1 1 0 2 1 0 1 2 0 1 1 2 1 1 2 1 2 0 0 2 0 0 1 0 2 1 
0.00104976 0 1 0 0 2 1 0 1 2 0 1 1 2 1 1 2 1 2 0 0 2 0 0 1 0 2 1 
0.000188957 0 1 0 0 2 0 0 1 2 0 1 1 2 1 1 2 1 2 0 0 2 0 0 1 0 2 1 
3.40122e-05 0 1 0 0 2 0 0 1 0 2 1 1 2 1 1 2 1 2 0 0 0 0 2 1 0 2 1 
6.1222e-06 0 1 0 0 2 0 0 1 0 2 1 1 2 1 1 2 1 2 0 0 0 0 2 0 0 2 1 
1.102e-06 0 1 0 0 2 0 0 1 0 2 1 1 2 1 1 2 1 2 0 0 0 0 2 0 0 2 0 
1.98359e-07 0 1 0 0 2 0 0 1 0 2 1 1 2 1 2 2 1 1 0 0 0 0 0 0 0 0 0 
3.57047e-08 0 1 0 0 2 0 0 1 0 2 0 1 2 1 2 2 1 1 0 0 0 0 0 0 0 0 0 
6.42684e-09 0 0 0 0 2 0 0 1 0 2 0 1 2 1 2 2 1 1 0 0 0 0 0 0 0 0 0 
0.779204 1 1 2 1 2 2 1 1 1 1 2 1 2 2 1 1 1 2 0 1 0 1 1 1 2 2 1 
0.505594 1 1 2 1 2 2 1 1 1 1 2 1 2 2 1 1 1 2 0 1 0 0 1 1 2 2 1 
0.278914 1 1 2 1 2 2 1 1 1 1 2 1 2 2 1 1 1 2 0 1 1 0 1 1 0 2 2 
0.134783 1 1 2 1 2 2 1 1 1 0 2 1 2 2 1 1 1 2 0 1 1 0 1 1 0 2 2 
0.0585356 1 0 2 1 2 2 1 1 1 0 2 1 2 2 1 1 1 2 0 1 1 0 1 1 0 2 2 
0.023306 1 1 2 1 2 2 1 2 1 0 2 1 0 2 1 1 1 2 0 1 1 0 1 1 0 2 2 
0.00863747 1 1 2 1 2 2 1 2 1 0 2 1 0 2 1 0 1 2 0 1 1 0 1 1 0 2 2 
0.0030148 1 0 2 1 2 2 1 2 1 0 2 1 0 2 1 0 1 2 0 1 1 0 1 1 0 2 2 
0.00100011 1 0 2 1 0 2 1 0 1 0 2 1 2 2 1 2 1 2 0 1 1 0 1 1 0 2 2 
0.000317609 0 0 2 1 0 2 1 0 1 0 2 1 2 2 1 2 1 2 0 1 1 0 1 1 0 2 2 
9.71203e-05 0 0 2 1 0 2 1 0 1 0 2 1 2 2 1 2 1 2 0 1 0 0 1 1 0 2 2 
2.87312e-05 1 0 2 1 0 2 2 0 1 0 2 1 0 2 1 0 1 2 0 1 1 0 1 2 0 2 2 
8.25497e-06 0 0 2 1 0 2 2 0 1 0 2 1 0 2 1 0 1 2 0 1 1 0 1 2 0 2 2 
2.31103e-06 0 0 2 0 0 2 2 0 1 0 2 1 0 2 1 0 1 2 0 1 1 0 1 2 0 2 2 
6.32137e-07 0 0 2 0 0 2 1 0 1 0 2 1 0 2 1 0 1 2 0 1 1 0 1 2 0 2 2 
1.69333e-07 0 0 2 0 0 2 0 0 1 0 2 1 0 2 1 0 1 2 0 1 1 0 1 2 0 2 2 
4.45107e-08 0 0 2 0 0 2 0 0 1 0 2 1 0 2 1 0 1 2 0 1 0 0 1 2 0 2 2 
1.15007e-08 0 0 2 0 0 2 0 0 1 0 2 1 0 2 1 0 1 2 0 1 0 0 1 1 0 2 1 
2.9253e-09 0 0 2 0 0 2 0 0 1 0 2 1 0 2 1 0 1 2 0 1 0 0 1 0 0 2 1 
7.33454e-10 0 0 2 0 0 2 0 0 1 0 2 0 0 2 1 0 1 2 0 1 0 0 1 0 0 2 1 
6.12235e-06 0 0 0 0 0 0 0 0 1 0 2 0 0 2 0 0 1 0 0 1 0 0 1 0 0 2 1 
1.10206e-06 0 0 0 0 0 0 0 0 0 0 2 0 0 2 0 0 1 0 0 1 0 0 1 0 0 2 1 
1.98379e-07 0 0 0 0 0 0 0 0 0 0 2 0 0 2 0 0 1 0 0 0 0 0 1 0 0 2 1 
8.32948e-08 0 0 0 0 0 0 0 0 0 0 0 0 0 0 0 0 1 0 0 0 0 0 0 0 0 0 1 
0.18 2 0 2 1 0 2 1 1 1 1 2 0 1 2 0 2 1 1 0 1 0 0 1 0 0 2 1 
0.0324 2 0 2 1 0 2 1 1 1 0 2 0 1 2 0 2 1 1 0 1 0 0 1 0 0 2 1 
0.005832 2 0 2 1 0 2 1 1 1 0 2 0 1 2 0 2 1 0 0 1 0 0 1 0 0 2 1 
0.00104976 0 0 0 1 0 2 1 1 1 0 2 0 0 2 0 0 1 0 0 1 0 0 1 0 0 2 1 
0.000188957 0 0 0 0 0 2 1 1 1 0 2 0 0 2 0 0 1 0 0 1 0 0 1 0 0 2 1 
3.40122e-05 0 0 0 0 0 2 1 0 1 0 2 0 0 2 0 0 1 0 0 1 0 0 1 0 0 2 1 
0.18 1 1 0 1 1 0 2 2 1 1 2 0 1 2 2 2 1 1 1 1 0 1 2 0 2 2 1 
0.0324 1 1 0 1 1 0 2 2 0 1 2 0 1 2 2 2 1 1 1 1 0 1 2 0 2 2 1 
0.005832 1 1 0 1 1 0 2 2 0 1 2 0 1 2 2 2 1 1 1 0 0 1 2 0 2 2 1 
0.00104976 1 1 0 1 1 0 2 2 0 1 0 0 1 2 0 2 1 1 1 0 0 1 0 0 2 2 0 
0.000188957 1 0 0 1 1 0 2 2 0 1 0 0 1 2 0 2 1 1 1 0 0 1 0 0 2 2 0 
3.3332e-05 1 0 0 1 0 0 2 2 0 1 0 0 1 2 0 2 1 1 1 0 0 1 0 0 2 2 0 
5.99976e-06 1 0 0 1 0 0 2 2 0 1 0 0 1 2 0 2 1 1 0 0 0 1 0 0 2 2 0 
1.07996e-06 1 0 0 1 0 0 2 2 0 1 0 0 1 2 0 2 1 1 0 0 0 0 0 0 2 2 0 
1.94392e-07 1 0 0 1 0 0 2 2 0 1 0 0 1 2 0 2 1 1 0 0 0 0 0 0 0 0 0 
3.49906e-08 1 0 0 1 0 0 2 2 0 0 0 0 1 2 0 2 1 1 0 0 0 0 0 0 0 0 0 
6.2983e-09 1 0 0 1 0 0 2 2 0 0 0 0 0 2 0 2 1 1 0 0 0 0 0 0 0 0 0 
1.13369e-09 1 0 0 1 0 0 2 2 0 0 0 0 0 0 0 0 1 1 0 0 0 0 0 0 0 0 0 
2.04065e-10 0 0 0 1 0 0 2 2 0 0 0 0 0 0 0 0 1 1 0 0 0 0 0 0 0 0 0 
3.67317e-11 0 0 0 0 0 0 2 2 0 0 0 0 0 0 0 0 1 1 0 0 0 0 0 0 0 0 0 
0.18 1 1 0 1 2 0 2 1 0 1 0 0 2 1 2 2 1 1 2 2 0 2 2 0 1 1 1 
0.0324 1 1 0 1 2 0 2 1 0 1 0 0 2 0 2 2 1 1 2 2 0 2 2 0 1 1 1 
0.005832 1 1 0 1 2 0 2 1 0 1 0 0 2 0 2 2 1 1 2 2 0 2 2 0 1 1 0 
0.00104976 1 1 0 1 2 0 2 1 0 1 0 0 2 0 0 2 0 1 0 2 0 0 2 0 1 1 0 
0.000188957 1 1 0 1 2 0 2 1 0 1 0 0 2 0 0 2 0 1 0 2 0 0 2 0 0 1 0 
3.40122e-05 1 1 0 1 2 0 2 1 0 1 0 0 2 0 0 2 0 0 0 2 0 0 2 0 0 1 0 
6.1222e-06 1 1 0 1 2 0 2 1 0 0 0 0 0 0 0 0 0 0 0 0 0 0 2 0 0 1 0 
1.102e-06 0 1 0 1 2 0 2 1 0 0 0 0 0 0 0 0 0 0 0 0 0 0 2 0 0 1 0 
1.98359e-07 0 0 0 1 2 0 2 1 0 0 0 0 0 0 0 0 0 0 0 0 0 0 2 0 0 1 0 
0.749005 1 2 0 1 2 2 2 2 1 2 1 0 1 1 0 1 1 2 1 2 0 1 1 0 2 2 1 
0.397737 1 2 0 2 2 0 2 2 1 2 1 0 1 1 0 1 1 2 1 0 0 1 1 0 2 2 1 
0.2595 1 2 0 2 2 0 2 2 1 2 1 0 1 1 0 1 1 2 1 0 0 1 1 0 2 2 0 
0.131289 1 2 0 2 2 0 2 2 1 2 1 0 1 1 0 1 1 2 1 0 0 1 0 0 2 2 0 
0.0579066 1 0 0 2 0 0 2 2 1 2 0 0 1 1 0 1 1 0 1 0 0 1 0 0 2 2 0 
0.0231928 1 0 0 2 0 0 2 2 0 2 0 0 1 1 0 1 1 0 1 0 0 1 0 0 2 2 0 
0.00861709 1 0 0 2 0 0 2 2 0 2 0 0 1 1 0 1 1 0 0 0 0 1 0 0 2 2 0 
0.00301113 1 0 0 2 0 0 2 2 0 0 0 0 1 1 0 1 1 0 0 0 0 0 0 0 0 0 0 
0.000999451 1 0 0 2 0 0 2 2 0 0 0 0 1 0 0 1 1 0 0 0 0 0 0 0 0 0 0 
0.00031749 1 0 0 2 0 0 2 2 0 0 0 0 0 0 0 1 1 0 0 0 0 0 0 0 0 0 0 
2.39243e-06 0 0 0 0 0 0 0 0 0 0 0 0 0 0 0 1 1 0 0 0 0 0 0 0 0 0 0 
0.18 1 2 0 2 2 2 2 2 1 2 1 0 1 1 0 1 1 0 1 2 0 1 1 1 2 2 1 
0.66407 0 2 1 0 2 1 0 2 1 0 2 1 0 1 1 1 1 2 1 2 2 1 2 2 2 1 1 
0.342859 0 2 1 0 2 1 0 2 1 0 2 1 0 1 2 1 1 2 1 2 0 1 2 0 2 1 1 
0.148047 0 2 1 0 2 1 0 2 1 0 2 1 0 1 2 0 1 2 1 2 0 1 2 0 2 1 1 
0.054071 0 2 1 0 2 1 0 2 1 0 2 0 0 1 2 0 1 2 1 2 0 1 2 0 2 1 1 
0.0186853 0 2 1 0 2 1 0 2 1 0 2 2 0 1 2 0 1 1 1 2 0 1 2 0 2 1 1 
0.00598854 0 2 0 0 2 1 0 2 1 0 2 2 0 1 2 0 1 1 1 2 0 1 2 0 2 1 1 
0.00140859 0 2 0 0 2 0 0 2 1 0 2 0 0 1 1 0 1 1 1 2 0 1 2 0 2 1 1 
0.000479425 0 2 0 0 2 0 0 2 1 0 2 0 0 1 0 0 1 1 1 2 0 1 2 0 2 1 1 
0.000407548 0 2 0 0 2 0 0 2 0 0 2 1 0 1 1 0 1 2 1 0 0 1 0 0 2 1 1 
0.000113151 0 2 0 0 2 0 0 2 0 0 2 0 0 1 1 0 1 2 1 0 0 1 0 0 2 1 1 
2.26786e-05 0 2 0 0 2 0 0 2 0 0 2 0 0 1 0 0 1 2 1 0 0 1 0 0 2 1 1 
7.31936e-06 0 2 0 0 2 0 0 2 0 0 2 0 0 1 0 0 1 1 1 0 0 1 0 0 2 1 1 
1.8683e-06 0 2 0 0 2 0 0 2 0 0 2 0 0 1 0 0 1 0 1 0 0 1 0 0 2 1 1 
5.93938e-06 0 2 0 0 2 0 0 2 0 0 0 0 0 1 0 0 1 1 1 0 0 1 0 0 2 0 1 
1.51516e-06 0 2 0 0 2 0 0 2 0 0 0 0 0 0 0 0 1 1 1 0 0 1 0 0 2 0 1 
3.77801e-07 0 2 0 0 2 0 0 2 0 0 0 0 0 0 1 0 1 1 1 0 0 1 0 0 2 0 1 
9.23373e-08 0 0 0 0 0 0 0 2 0 0 0 1 0 0 1 0 0 2 1 0 0 1 0 0 2 0 1 
2.21722e-08 0 0 0 0 0 0 0 2 0 0 0 0 0 0 1 0 0 2 1 0 0 1 0 0 2 0 1 
5.24081e-09 0 0 0 0 0 0 0 2 0 0 0 0 0 0 0 0 0 2 1 0 0 1 0 0 2 0 1 
1.2214e-09 0 0 0 0 0 0 0 0 0 0 0 0 0 0 2 0 0 2 1 0 0 1 0 0 2 0 1 
2.81055e-10 0 0 0 0 0 0 0 0 0 0 0 2 0 0 2 0 0 1 1 0 0 1 0 0 2 0 1 
6.39322e-11 0 0 0 0 0 0 0 0 0 0 0 2 0 0 2 0 0 1 0 0 0 1 0 0 2 0 1 
1.4391e-11 0 0 0 0 0 0 0 0 0 0 0 0 0 0 1 0 0 1 0 0 0 0 0 0 2 0 1 
3.20848e-12 0 0 0 0 0 0 0 0 0 0 0 0 0 0 0 0 0 1 0 0 0 0 0 0 2 0 1 
7.09063e-13 0 0 0 0 0 0 0 0 0 0 0 0 0 0 0 0 0 0 0 0 0 0 0 0 2 0 1 
0.18 1 1 0 2 2 0 1 2 0 1 2 1 2 2 2 1 2 2 1 1 1 2 1 1 2 1 1 
0.0324 1 1 0 2 2 0 1 2 0 1 2 1 2 2 2 1 2 2 1 1 0 2 1 1 2 1 1 
0.005832 1 0 0 2 2 0 1 2 0 1 2 1 2 2 2 1 2 2 1 1 0 2 1 1 2 1 1 
0.00104976 1 2 0 2 1 0 1 2 0 1 0 1 2 2 2 1 2 2 1 1 0 2 1 1 2 1 1 
0.000188957 1 2 0 2 1 0 1 2 0 1 0 1 2 2 2 1 2 2 1 0 0 2 1 1 2 1 1 
3.40122e-05 1 2 0 2 1 0 1 2 0 0 0 1 2 2 2 1 2 2 1 0 0 2 1 1 2 1 1 
6.1222e-06 1 2 0 2 1 0 1 2 0 1 0 1 2 0 2 2 2 2 1 0 0 2 1 1 2 1 1 
1.102e-06 1 2 0 2 1 0 1 2 0 1 0 1 2 0 2 2 2 2 1 0 0 2 0 1 2 1 1 
1.98359e-07 1 2 0 2 1 0 1 2 0 0 0 1 2 0 2 2 2 2 1 0 0 2 0 1 2 1 1 
3.57047e-08 1 0 0 2 1 0 1 2 0 2 0 1 1 0 2 2 2 2 1 0 0 2 0 1 2 1 1 
6.42684e-09 1 0 0 2 0 0 1 2 0 2 0 1 1 0 2 2 2 2 1 0 0 2 0 1 2 1 1 
1.15683e-09 0 0 0 2 0 0 1 2 0 2 0 1 1 0 2 2 2 2 1 0 0 2 0 1 2 1 1 
2.0823e-10 2 0 0 1 0 0 2 0 0 0 0 1 1 0 2 2 0 2 1 0 0 2 0 1 2 1 1 
3.74813e-11 2 0 0 1 0 0 2 0 0 0 0 1 1 0 2 2 0 2 1 0 0 2 0 0 2 1 1 
6.74664e-12 2 0 0 1 0 0 2 0 0 0 0 1 0 0 2 2 0 2 1 0 0 2 0 0 2 1 1 
1.2144e-12 0 0 0 1 0 0 2 0 0 0 0 0 0 0 0 0 0 2 1 0 0 2 0 0 2 1 1 
1.76148e-13 0 0 0 1 0 0 2 0 0 0 0 0 0 0 0 0 0 2 0 0 0 2 0 0 2 1 1 
6.31837e-14 0 0 0 0 0 0 2 0 0 0 0 0 0 0 0 0 0 2 0 0 0 2 0 0 2 1 1 
7.08235e-15 0 0 0 0 0 0 1 0 0 0 0 0 0 0 0 0 0 2 0 0 0 2 0 0 2 1 1 
9.46694e-15 0 0 0 0 0 0 0 0 0 0 0 0 0 0 0 0 0 2 0 0 0 0 0 0 2 1 1 
2.04715e-15 0 0 0 0 0 0 1 0 0 0 0 0 0 0 0 0 0 2 0 0 0 0 0 0 2 1 1 
0.779204 1 2 0 2 1 0 1 2 0 1 1 1 2 1 2 2 1 1 2 1 0 2 2 0 1 1 1 
0.505594 1 2 0 2 1 0 1 2 0 1 1 1 2 1 2 2 1 1 2 1 0 2 2 0 1 1 0 
0.278914 0 2 0 2 1 0 1 2 0 1 1 1 2 1 2 2 1 1 2 1 0 2 2 0 1 1 0 
0.134783 1 0 0 2 1 0 2 2 0 1 1 1 2 1 2 2 1 1 2 1 0 2 2 0 1 1 0 
0.0585356 1 0 0 2 1 0 2 2 0 1 0 1 2 1 2 2 1 1 2 1 0 2 2 0 1 1 0 
0.023306 1 0 0 2 0 0 2 2 0 1 0 1 2 1 2 2 1 1 2 1 0 2 2 0 1 1 0 
0.00863747 1 0 0 2 0 0 2 0 0 1 0 1 2 0 2 2 1 1 0 1 0 0 2 0 1 1 0 
0.00213075 1 0 0 2 0 0 2 0 0 1 0 1 2 0 2 2 1 1 0 1 0 0 2 0 0 1 0 
0.000873516 0 0 0 2 0 0 2 0 0 1 0 1 2 0 2 2 1 1 0 1 0 0 2 0 0 1 0 
0.000280371 0 0 0 1 0 0 2 0 0 1 0 1 2 0 2 2 1 1 0 1 0 0 2 0 0 1 0 
0.000714386 1 0 0 2 0 0 2 0 0 0 0 1 2 0 2 2 1 1 0 1 0 0 2 0 0 1 0 
0.000189274 1 0 0 2 0 0 2 0 0 0 0 0 0 0 0 0 1 1 0 1 0 0 2 0 0 1 0 
9.0516e-05 1 0 0 2 0 0 2 0 0 0 0 0 0 0 0 0 1 0 0 1 0 0 2 0 0 1 0 
3.31062e-05 0 0 0 2 0 0 2 0 0 0 0 0 0 0 0 0 1 0 0 1 0 0 2 0 0 1 0 
2.32329e-06 0 0 0 0 0 0 0 0 0 0 0 0 0 0 0 0 1 0 0 0 0 0 0 0 0 1 0 
0.18 1 1 0 2 2 0 2 2 0 1 1 0 2 1 2 2 1 1 2 1 0 1 2 0 1 1 0 
0.0324 1 1 0 2 2 0 2 2 0 1 0 0 2 1 2 2 1 1 2 1 0 1 2 0 1 1 0 
0.005832 1 1 0 2 2 0 2 2 0 1 0 0 2 0 2 2 1 1 2 1 0 1 2 0 1 1 0 
0.00104976 1 0 0 2 0 0 2 0 0 1 0 0 2 0 2 2 1 1 0 1 0 1 2 0 1 1 0 
0.000188957 1 0 0 2 0 0 2 0 0 1 0 0 2 0 2 2 1 1 0 1 0 0 2 0 1 1 0 
3.40122e-05 1 0 0 2 0 0 2 0 0 1 0 0 2 0 2 2 1 1 0 1 0 0 2 0 0 1 0 
0 2 1 0 2 1 0 2 1 1 1 2 0 1 2 0 1 2 0 2 1 0 2 1 0 1 2 1 
0 2 1 0 2 1 0 2 1 1 1 2 0 1 2 0 1 2 0 2 1 0 2 1 0 1 2 0 
0 2 1 0 2 1 0 2 1 1 1 2 0 1 2 0 1 2 0 2 0 0 2 1 0 1 2 0 
0 2 1 0 2 1 0 2 1 1 1 0 0 1 0 0 1 0 0 2 0 0 2 0 0 1 2 0 
0 2 0 0 2 1 0 2 1 1 1 0 0 1 0 0 1 0 0 2 0 0 2 0 0 1 2 0 
0 2 0 0 2 0 0 2 1 1 1 0 0 1 0 0 1 0 0 2 0 0 2 0 0 1 2 0 
0 2 0 0 2 0 0 2 0 1 1 0 0 1 0 0 1 0 0 0 0 0 0 0 0 1 0 0 
0 2 0 0 2 0 0 2 0 1 0 0 0 1 0 0 1 0 0 0 0 0 0 0 0 1 0 0 
0 2 0 0 2 0 0 2 0 1 0 0 0 0 0 0 1 0 0 0 0 0 0 0 0 1 0 0 
1.21624e-09 0 0 0 0 0 0 0 0 1 0 0 0 0 0 0 0 0 0 0 0 0 0 0 0 1 0 0 
0 1 1 1 1 2 2 2 1 2 1 0 2 1 0 1 2 2 1 0 0 1 0 0 2 0 1 2 
0 1 1 1 1 2 2 2 1 2 1 0 2 1 0 1 2 2 1 0 0 1 0 0 2 0 0 2 
0 1 1 1 1 2 2 2 1 2 0 0 2 1 0 1 2 2 1 0 0 1 0 0 2 0 0 2 
0 1 1 1 1 2 2 2 1 2 0 0 2 0 0 1 0 0 1 0 0 1 0 0 2 1 0 2 
0 1 0 1 1 2 2 2 1 2 0 0 2 0 0 1 0 0 1 0 0 1 0 0 2 1 0 2 
0 1 0 1 1 2 2 2 1 2 0 0 2 0 0 1 1 0 1 0 0 1 0 0 2 1 0 2 
0 1 0 1 1 0 2 2 1 2 0 0 2 0 0 1 0 0 1 0 0 1 0 0 2 1 0 2 
0 0 0 1 1 0 2 2 1 2 0 0 2 0 0 1 0 0 1 0 0 1 0 0 2 1 0 2 
0 0 0 1 0 0 2 2 1 2 0 0 2 0 0 1 0 0 1 0 0 1 0 0 2 1 0 2 
0 0 0 1 0 0 2 1 1 2 0 0 2 0 0 1 0 0 1 0 0 1 0 0 2 1 0 2 
0 0 0 1 0 0 2 0 1 2 0 0 2 0 0 1 0 0 1 0 0 1 0 0 2 1 0 2 
0 0 0 1 0 0 2 2 1 2 0 0 0 0 0 1 0 0 1 0 0 0 0 0 0 1 0 0 
0 0 0 1 0 0 2 2 1 2 0 0 0 0 0 0 0 0 1 0 0 0 0 0 0 1 0 0 
0 0 0 1 0 0 2 2 1 2 0 0 0 0 0 0 0 0 0 0 0 0 0 0 0 1 0 0 
0 0 0 0 0 0 0 0 1 0 0 0 0 0 0 0 0 0 0 0 0 0 0 0 0 1 0 0 
0 1 2 2 1 1 1 2 2 1 2 1 0 2 2 0 1 1 1 1 2 0 1 1 0 2 2 0 
0 1 2 2 1 1 1 2 2 1 2 1 0 2 2 0 1 1 0 1 2 0 1 1 0 2 2 0 
0 1 2 0 1 1 1 2 2 1 2 1 0 2 2 0 1 1 0 1 1 0 1 2 0 2 2 0 
0 1 2 0 1 1 0 2 2 1 2 1 0 2 2 0 1 1 0 1 1 0 1 2 0 2 2 0 
0 1 2 0 1 1 1 2 2 2 2 1 0 2 2 0 1 1 0 1 1 0 1 2 0 2 2 0 
0 1 2 0 1 1 0 2 2 0 2 1 0 2 2 0 1 1 0 1 1 0 1 2 0 2 2 0 
0 1 2 0 1 1 0 2 2 0 2 0 0 2 2 0 1 1 0 1 1 0 1 2 0 2 2 0 
0 1 2 0 1 1 0 2 2 0 2 2 0 2 1 0 1 1 0 1 1 0 1 2 0 2 2 0 
0 1 2 0 1 1 0 2 2 0 2 2 0 2 1 0 1 1 0 1 0 0 1 0 0 2 1 0 
0 1 2 0 1 1 0 2 2 0 2 2 0 2 1 0 1 1 0 1 0 0 1 0 0 2 0 0 
0 1 1 0 1 2 0 2 2 0 2 0 0 2 1 0 1 1 0 1 0 0 1 0 0 2 0 0 
0 1 1 0 1 2 0 2 2 0 2 0 0 2 0 0 1 1 0 1 0 0 1 0 0 2 0 0 
0 1 1 0 1 2 0 2 2 0 2 0 0 2 1 0 1 2 0 1 0 0 1 0 0 2 0 0 
0 1 1 0 1 2 0 2 2 0 2 0 0 2 0 0 1 0 0 1 0 0 1 0 0 2 0 0 
0 1 1 0 1 2 0 2 2 0 2 0 0 2 0 0 1 0 0 0 0 0 1 0 0 2 0 0 
0 1 1 0 1 2 0 2 2 0 2 0 0 2 0 0 1 0 0 1 0 0 2 0 0 1 0 0 
0 1 0 0 1 0 0 2 1 0 2 0 0 2 0 0 1 0 0 1 0 0 2 0 0 1 0 0 
0 1 0 0 1 0 0 2 0 0 2 0 0 2 0 0 1 0 0 1 0 0 2 0 0 1 0 0 
0 1 0 0 1 0 0 2 0 0 2 0 0 2 0 0 1 2 0 1 0 0 2 0 0 1 0 0 
0 1 0 0 1 0 0 2 0 0 0 0 0 0 0 0 1 2 0 0 0 0 0 0 0 1 0 0 
0 1 0 0 1 0 0 2 0 0 0 0 0 0 0 0 0 2 0 0 0 0 0 0 0 1 0 0 
5.94782e-18 1 0 0 1 0 0 2 0 0 0 0 0 0 0 0 0 0 2 0 0 0 0 0 0 0 0 0 
1.07061e-18 0 0 0 1 0 0 2 0 0 0 0 0 0 0 0 0 0 2 0 0 0 0 0 0 0 0 0 
1.92709e-19 0 0 0 1 0 0 2 0 0 0 0 0 0 0 2 0 0 1 0 0 0 0 0 0 0 0 0 
0 2 1 0 1 2 0 1 1 0 1 0 0 2 1 2 1 2 1 2 0 0 1 0 0 2 1 2 
0 2 1 0 1 2 0 1 1 0 1 0 0 2 1 2 1 2 1 2 0 0 1 0 0 2 0 2 
0 2 1 0 1 2 0 1 1 0 1 0 0 2 0 2 1 2 1 2 0 0 1 0 0 2 0 2 
0 2 0 0 1 0 0 1 1 0 1 0 0 2 0 2 1 0 1 0 0 0 1 0 0 2 0 2 
0 2 0 0 1 0 0 1 0 0 1 0 0 2 0 2 1 0 1 0 0 0 1 0 0 2 0 2 
0 2 0 0 1 0 0 1 0 0 1 0 0 2 0 2 1 0 1 0 0 0 0 0 0 2 0 2 
0 0 0 0 1 0 0 1 0 0 0 0 0 0 0 2 1 0 1 0 0 0 0 0 0 0 0 2 
0 0 0 0 1 0 0 1 0 0 0 0 0 0 0 2 0 0 1 0 0 0 0 0 0 0 0 2 
0 0 0 0 0 0 0 1 0 0 0 0 0 0 0 2 0 0 1 0 0 0 0 0 0 0 0 2 
0 2 1 0 1 1 1 2 1 1 1 2 0 1 2 0 1 2 0 2 1 0 2 1 0 2 2 0 
0 2 1 0 1 1 0 2 1 1 1 2 0 1 2 0 1 2 0 2 1 0 2 1 0 2 2 0 
0 2 1 0 1 1 0 2 1 0 1 2 0 1 2 0 1 2 0 2 1 0 2 1 0 2 2 0 
0 2 1 0 1 1 0 2 1 0 1 2 0 1 2 0 1 1 0 2 1 0 2 1 0 2 2 0 
0 2 1 0 1 1 0 2 1 0 1 2 0 1 2 0 1 1 0 2 0 0 2 1 0 2 2 0 
0 2 1 0 1 1 0 2 1 0 1 2 0 1 2 0 1 1 0 2 0 0 2 0 0 2 2 0 
0 2 1 0 1 1 0 2 1 0 1 2 0 1 2 0 1 1 0 2 0 0 2 0 0 2 1 0 
0 2 1 0 1 1 0 2 1 0 1 2 0 1 2 0 1 1 0 2 0 0 2 0 0 2 0 0 
0 2 0 0 1 1 0 2 1 0 1 2 0 1 2 0 1 1 0 2 0 0 2 0 0 2 0 0 
0 2 1 0 1 1 0 2 2 0 1 0 0 1 1 0 1 1 0 2 0 0 2 0 0 2 0 0 
0 2 1 0 1 1 0 2 2 0 1 0 0 1 0 0 1 1 0 2 0 0 2 0 0 2 0 0 
0 2 1 0 1 1 0 2 2 0 1 0 0 1 0 0 1 0 0 2 0 0 2 0 0 2 0 0 
0 2 1 0 1 1 0 2 2 0 1 0 0 1 0 0 1 0 0 2 0 0 2 0 0 1 0 0 
0 2 0 0 1 1 0 2 2 0 1 0 0 1 0 0 1 0 0 2 0 0 2 0 0 1 0 0 
0 2 0 0 1 0 0 2 2 0 1 0 0 1 0 0 1 0 0 2 0 0 2 0 0 1 0 0 
0 2 0 0 1 0 0 2 1 0 1 0 0 1 0 0 1 0 0 2 0 0 2 0 0 1 0 0 
0 2 0 0 1 0 0 2 0 0 1 0 0 1 0 0 1 0 0 2 0 0 2 0 0 1 0 0 
0 2 0 0 1 0 0 2 0 0 0 0 0 1 0 0 1 0 0 2 0 0 2 0 0 1 0 0 
0 2 0 0 1 0 0 2 0 0 1 0 0 1 0 0 2 0 0 0 0 0 1 0 0 1 0 0 
0 2 0 0 1 0 0 2 0 0 1 0 0 1 0 0 2 0 0 0 0 0 0 0 0 1 0 0 
0 2 0 0 1 0 0 2 0 0 1 0 0 1 0 0 2 0 0 0 0 0 0 0 0 0 0 0 
0 1 0 0 2 0 0 2 0 0 1 0 0 1 0 0 2 0 0 0 0 0 0 0 0 0 0 0 
0 1 0 0 2 0 0 2 0 0 0 0 0 1 0 0 2 0 0 0 0 0 0 0 0 0 0 0 
0 1 0 0 2 0 0 2 0 0 0 0 0 0 0 0 2 0 0 0 0 0 0 0 0 0 0 0 
0 1 0 0 2 0 0 2 0 0 0 0 0 0 0 0 1 0 0 0 0 0 0 0 0 0 0 0 
0 1 0 0 2 0 0 2 0 0 0 0 0 0 0 0 0 0 0 0 0 0 0 0 0 0 0 0 
0 0 0 0 2 0 0 2 0 0 0 0 0 0 0 0 0 0 0 0 0 0 0 0 0 0 0 0 
0 2 1 0 1 2 0 1 1 0 1 0 0 2 0 2 1 2 1 2 0 0 1 0 0 2 1 2 
0 2 0 0 1 0 0 1 1 0 1 0 0 2 0 2 1 0 1 0 0 0 0 0 0 2 0 2 
0 0 0 0 0 0 0 1 0 0 0 0 0 0 0 2 1 0 1 0 0 0 0 0 0 0 0 2 
0.605088 2 2 0 1 2 0 1 1 0 2 0 0 1 0 0 1 0 0 1 0 0 1 0 0 1 0 0 
0.207062 2 0 0 1 0 0 1 1 0 2 0 0 1 0 0 1 0 0 1 0 0 1 0 0 2 0 0 
0.094657 2 0 0 1 1 0 1 1 0 2 0 0 1 0 0 1 0 0 1 0 0 1 0 0 2 0 0 
0.0816796 2 0 0 1 0 0 1 0 0 0 0 0 1 0 0 1 0 0 1 0 0 1 0 0 2 0 0 
0.0283553 2 0 0 1 0 0 1 0 0 1 0 0 1 0 0 2 0 0 1 0 0 1 0 0 2 0 0 
0.00897457 2 0 0 1 0 0 1 0 0 1 0 0 1 0 0 2 0 0 0 0 0 1 0 0 2 0 0 
0.00264907 2 0 0 1 0 0 1 0 0 1 0 0 1 0 0 2 0 0 0 0 0 0 0 0 0 0 0 
0.000740489 2 0 0 1 0 0 1 0 0 1 0 0 1 0 0 2 0 2 0 0 0 0 0 0 0 0 0 
0.000198141 2 0 0 1 0 0 1 0 0 0 0 0 1 0 0 2 0 2 0 0 0 0 0 0 0 0 0 
5.11547e-05 0 0 0 1 0 0 1 0 0 0 0 0 0 0 2 0 0 2 0 0 0 0 0 0 0 0 0 
1.28181e-05 0 0 0 1 0 0 1 0 0 0 0 2 0 0 2 0 0 1 0 0 0 0 0 0 0 0 0 
3.13167e-06 0 0 0 0 0 0 1 0 0 0 0 2 0 0 2 0 0 1 0 0 0 0 0 0 0 0 0 
0.779204 1 2 0 2 1 0 1 1 0 0 2 0 0 1 0 0 1 0 0 0 0 2 2 0 1 1 1 
0.505594 1 1 0 2 1 0 1 2 0 0 2 0 0 1 0 0 1 0 0 0 0 2 1 0 1 2 1 
0.278914 1 1 0 2 1 0 1 2 0 0 2 0 0 1 0 0 1 0 0 0 0 2 0 0 1 2 1 
0.134783 1 0 0 2 1 0 1 2 0 0 2 0 0 1 0 0 1 0 0 0 0 2 0 0 1 2 1 
0.0585356 1 1 0 2 2 0 1 2 0 0 1 0 0 1 0 0 2 0 0 0 0 2 0 0 1 0 1 
0.023306 1 0 0 2 2 0 1 2 0 0 1 0 0 1 0 0 2 0 0 0 0 2 0 0 1 0 1 
0.00863747 0 0 0 2 2 0 1 2 0 0 1 0 0 1 0 0 2 0 0 0 0 2 0 0 1 0 1 
0.0030148 2 0 0 1 0 0 2 0 0 0 1 0 0 1 0 0 2 0 2 0 0 1 0 0 1 0 1 
0.00100011 2 0 0 1 0 0 2 0 0 0 0 0 0 1 0 0 2 0 2 0 0 1 0 0 1 0 1 
0.000317609 2 0 0 1 0 0 2 0 0 0 0 0 0 0 0 0 2 0 2 0 0 1 0 0 1 0 1 
9.71203e-05 2 0 0 1 0 0 2 0 0 0 0 0 0 0 0 0 1 0 2 0 0 1 0 0 1 0 1 
2.87312e-05 2 0 0 1 0 0 2 0 0 0 0 0 0 0 0 0 0 0 2 0 0 1 0 0 1 0 1 
8.25497e-06 2 0 0 1 0 0 2 0 0 0 0 0 0 0 0 0 0 2 2 0 0 1 0 0 1 0 1 
2.31103e-06 0 0 0 1 0 0 2 0 0 0 0 0 0 0 0 0 0 2 1 0 0 1 0 0 1 0 0 
6.32137e-07 0 0 0 0 0 0 2 0 0 0 0 0 0 0 0 0 0 2 1 0 0 1 0 0 1 0 0 
1.69333e-07 0 0 0 0 0 0 2 0 0 0 0 0 0 0 0 0 0 2 0 0 0 1 0 0 1 0 0 
4.45107e-08 0 0 0 0 0 0 0 0 1 0 0 0 0 0 0 0 0 0 1 0 0 1 0 0 2 0 0 
1.15007e-08 0 0 0 0 0 0 0 0 1 0 0 0 0 0 0 0 0 0 0 0 0 1 0 0 2 0 0 
3.49707e-09 0 0 0 0 0 0 0 0 1 0 0 0 0 0 0 0 0 0 0 0 0 0 0 0 2 0 0 
1.27482e-15 0 0 0 0 0 0 0 0 1 0 0 0 0 0 0 0 1 0 0 0 0 0 0 0 0 0 0 
0.18 2 2 0 2 2 1 1 1 1 1 1 0 1 1 0 2 1 0 1 0 0 2 0 0 2 1 0 
0.0324 2 2 0 2 2 1 1 1 1 1 1 0 1 1 0 2 1 0 1 0 0 2 0 0 2 0 0 
0.005832 2 2 0 2 2 1 1 1 1 1 0 0 1 1 0 2 1 0 1 0 0 2 0 0 2 0 0 
0.00104976 2 0 0 2 1 1 1 1 1 1 0 0 1 0 0 2 1 0 1 0 0 2 0 0 2 0 0 
0.000188957 2 0 0 2 0 1 1 1 1 1 0 0 1 0 0 2 1 0 1 0 0 2 0 0 2 0 0 
3.40122e-05 2 0 0 2 0 1 1 0 1 1 0 0 1 0 0 2 1 0 1 0 0 2 0 0 2 0 0 
6.1222e-06 2 0 0 2 0 1 1 0 1 1 0 0 1 0 0 2 1 0 0 0 0 0 0 0 2 0 0 
1.102e-06 2 0 0 2 0 1 1 0 1 0 0 0 1 0 0 2 1 0 0 0 0 0 0 0 2 0 0 
1.98359e-07 2 0 0 2 0 1 1 0 1 0 0 0 0 0 0 2 1 0 0 0 0 0 0 0 2 0 0 
3.57047e-08 0 0 0 0 0 1 1 0 1 0 0 0 0 0 0 0 0 0 0 0 0 0 0 0 2 0 0 
6.42684e-09 0 0 0 0 0 1 0 0 1 0 0 0 0 0 0 0 0 0 0 0 0 0 0 0 2 0 0 
0.53136 1 2 2 1 2 2 1 1 2 1 2 0 2 1 0 2 1 1 1 2 0 1 2 0 1 1 0 
0.212803 1 2 2 1 2 2 1 1 2 0 2 0 2 1 0 2 1 1 1 2 0 1 2 0 1 1 0 
0.0720835 1 2 2 1 2 2 1 1 2 2 2 0 2 1 0 2 1 1 1 2 0 1 2 0 1 1 0 
0.021877 1 2 0 1 2 2 1 1 2 2 0 0 2 1 0 2 1 0 1 0 0 1 2 0 1 1 0 
0.00614488 1 2 0 1 2 2 1 1 2 2 1 0 2 1 0 2 2 0 1 0 0 1 2 0 1 1 0 
0.00162959 1 2 0 1 2 2 1 1 2 2 0 0 2 1 0 2 2 0 1 0 0 1 2 0 1 1 0 
0.00041342 1 0 0 1 2 0 1 1 2 2 0 0 2 0 0 2 0 0 1 0 0 1 2 0 1 1 0 
0.000101251 1 0 0 1 2 0 1 1 2 2 0 0 2 0 0 2 0 0 0 0 0 1 2 0 1 1 0 
2.40967e-05 1 0 0 1 2 0 1 1 2 2 0 0 2 0 0 2 0 0 0 0 0 0 2 0 1 1 0 
5.59992e-06 1 0 0 1 2 0 1 1 2 0 0 0 0 0 0 0 0 0 0 0 0 0 2 0 0 1 0 
1.27555e-06 0 0 0 1 2 0 1 1 2 0 0 0 0 0 0 0 0 0 0 0 0 0 2 0 0 1 0 
2.85608e-07 0 0 0 0 2 0 1 1 2 0 0 0 0 0 0 0 0 0 0 0 0 0 2 0 0 1 0 
2.5028e-08 0 0 0 0 1 0 0 2 0 0 0 0 0 0 0 0 0 0 0 0 0 0 0 0 0 0 0 
0.53136 2 1 2 1 2 1 1 1 2 2 2 1 2 1 1 1 1 1 1 1 0 2 2 0 1 2 0 
0.212803 2 1 2 1 2 1 1 1 2 2 2 0 2 1 1 1 1 1 1 1 0 2 2 0 1 2 0 
0.0720835 2 1 2 1 2 1 1 1 2 2 2 0 2 1 0 1 1 1 1 1 0 2 2 0 1 2 0 
0.021877 2 1 0 1 2 1 1 1 2 2 1 0 2 1 0 1 2 0 1 1 0 2 2 0 1 2 0 
0.00614488 2 1 0 1 2 0 1 1 2 2 1 0 2 1 0 1 2 0 1 1 0 2 2 0 1 2 0 
0.00162959 2 1 0 1 2 0 1 1 2 2 1 0 2 1 0 1 2 0 1 0 0 2 2 0 1 2 0 
0.00041342 2 1 0 1 2 0 1 1 2 2 1 0 2 2 0 1 2 0 1 0 0 2 0 0 1 0 0 
0.000101251 2 1 0 1 2 0 1 1 2 2 0 0 2 2 0 1 2 0 1 0 0 2 0 0 1 0 0 
2.40967e-05 2 0 0 1 2 0 1 1 2 2 0 0 2 2 0 1 2 0 1 0 0 2 0 0 1 0 0 
5.59992e-06 2 0 0 1 1 0 1 2 2 2 0 0 2 0 0 1 0 0 1 0 0 2 0 0 1 0 0 
1.27555e-06 2 0 0 1 1 0 1 2 2 2 0 0 2 0 0 1 0 0 0 0 0 2 0 0 1 0 0 
2.85608e-07 2 0 0 1 1 0 1 2 2 2 0 0 2 0 0 1 0 0 2 0 0 1 0 0 1 0 0 
6.30103e-08 2 0 0 1 0 0 1 0 2 0 0 0 2 0 0 1 0 0 0 0 0 1 0 0 1 0 0 
1.37227e-08 2 0 0 1 0 0 1 0 2 2 0 0 1 0 0 1 0 0 0 0 0 1 0 0 1 0 0 
2.95476e-09 2 0 0 1 0 0 1 0 2 2 0 0 1 0 0 1 0 0 0 0 0 0 0 0 1 0 0 
6.29824e-10 1 0 0 1 0 0 2 0 2 0 0 0 1 0 0 1 0 0 0 0 0 0 0 0 0 0 0 
1.33045e-10 1 0 0 1 0 0 2 0 2 0 0 0 0 0 0 1 0 0 0 0 0 0 0 0 0 0 0 
2.41802e-11 0 0 0 1 0 0 2 0 2 0 0 0 0 0 0 1 0 0 0 0 0 0 0 0 0 0 0 
0 2 2 2 1 2 1 1 1 1 2 0 1 2 1 2 2 2 1 0 2 0 0 1 0 1 2 1 
0 2 2 2 1 2 1 1 1 1 2 0 1 2 0 2 2 2 1 0 2 0 0 1 0 1 2 1 
0 2 2 2 1 2 1 1 1 1 2 0 0 2 0 2 2 2 1 0 2 0 0 1 0 1 2 1 
0 2 2 2 1 2 1 1 1 1 2 0 2 2 0 1 2 0 2 0 1 0 0 2 0 1 2 1 
0 2 2 2 1 2 1 1 1 1 2 0 2 2 0 1 2 0 2 0 0 0 0 2 0 1 2 1 
0 2 2 2 1 2 1 1 1 1 2 0 2 2 0 1 2 0 2 0 2 0 0 2 0 1 1 1 
0 2 2 2 1 2 1 1 1 1 2 0 2 2 0 1 2 0 2 0 0 0 0 1 0 0 1 1 
0 2 2 2 1 2 1 1 1 1 2 0 2 2 0 1 2 0 2 0 0 0 0 0 0 0 1 1 
0 2 2 2 1 2 1 1 1 1 2 0 2 2 0 1 2 0 2 0 0 0 0 0 0 0 0 1 
0 0 2 2 1 2 1 1 1 1 2 0 1 2 0 2 2 0 1 0 0 0 0 0 0 0 1 1 
0 0 2 2 0 2 1 1 1 1 2 0 1 2 0 2 2 0 1 0 0 0 0 0 0 0 1 1 
0 0 2 2 0 2 1 1 1 1 2 0 0 2 0 2 2 0 1 0 0 0 0 0 0 0 1 1 
0 0 0 2 0 2 1 1 1 1 2 0 1 2 0 2 2 0 1 0 0 0 0 0 0 0 1 1 
0 0 0 2 0 2 1 1 1 1 2 0 1 2 0 2 2 0 1 0 0 0 0 0 0 0 0 1 
0 0 2 2 0 1 1 1 2 1 2 0 1 2 0 2 2 0 1 0 0 0 0 0 0 0 0 1 
0 0 1 0 0 2 1 0 2 1 2 0 1 2 0 2 2 0 1 0 0 0 0 0 0 0 0 1 
0 0 0 0 0 2 1 0 2 1 2 0 1 2 0 2 2 0 1 0 0 0 0 0 0 0 0 1 
0 0 0 0 0 2 1 0 2 1 2 0 0 2 0 2 2 0 1 0 0 0 0 0 0 0 0 1 
0 0 0 0 0 2 1 0 2 1 0 0 1 2 0 1 2 0 2 0 0 0 0 0 0 0 0 1 
0 0 0 0 0 2 0 0 2 1 0 0 1 2 0 1 2 0 2 0 0 0 0 0 0 0 0 1 
0 0 0 0 0 2 0 0 2 0 0 0 1 2 0 1 2 0 2 0 0 0 0 0 0 0 0 1 
0 0 0 0 0 0 0 1 0 0 2 0 1 2 0 1 1 0 2 0 0 0 0 0 0 0 0 1 
0 0 0 0 0 0 0 1 0 0 2 0 0 2 0 1 1 0 2 0 0 0 0 0 0 0 0 1 
0 0 0 0 0 0 0 1 0 0 2 0 0 2 0 0 1 0 2 0 0 0 0 0 0 0 0 1 
0 0 0 0 0 0 0 1 0 0 2 0 0 2 0 0 1 0 1 0 0 0 0 0 0 0 0 1 
0 0 0 0 0 0 0 1 0 0 2 0 0 2 0 0 1 0 0 0 0 0 0 0 0 0 0 1 
0 0 0 0 0 0 0 1 0 0 0 0 0 1 0 0 1 0 2 0 0 0 0 0 0 0 0 0 
0 0 0 0 0 0 0 1 0 0 0 0 0 0 0 0 1 0 2 0 0 0 0 0 0 0 0 0 
0 0 0 0 0 0 0 1 0 0 0 0 0 0 0 0 0 0 2 0 0 0 0 0 0 0 0 0 
0 0 0 0 0 0 0 1 0 0 0 0 0 0 0 0 1 0 0 0 0 0 0 0 0 0 0 0 
0 2 2 1 1 2 2 1 1 2 1 2 0 2 2 1 2 1 2 2 0 0 2 1 0 1 2 0 
0 2 2 1 1 2 2 1 1 2 1 2 0 2 2 1 2 1 2 2 1 0 2 2 0 1 1 0 
0 2 2 1 1 2 2 1 1 2 1 2 0 2 2 0 2 1 2 2 1 0 2 2 0 1 1 0 
0 2 2 0 1 1 0 1 1 2 1 2 0 2 2 0 2 1 2 2 1 0 2 2 0 1 1 0 
0 2 2 0 1 1 0 1 1 2 1 2 0 2 2 0 2 1 2 2 0 0 2 2 0 1 1 0 
0 2 2 0 1 1 0 1 1 2 0 2 0 2 2 0 2 1 2 2 0 0 2 2 0 1 1 0 
0 2 2 0 1 1 0 1 1 2 2 0 0 2 0 0 2 1 2 2 0 0 2 0 0 1 1 0 
0 2 2 0 1 1 0 1 1 2 2 0 0 2 1 0 2 1 2 2 0 0 2 0 0 1 1 0 
0 1 0 0 1 1 0 1 1 2 2 0 0 2 0 0 2 0 2 2 0 0 2 0 0 1 1 0 
0 1 0 0 1 0 0 1 1 2 2 0 0 2 0 0 2 0 2 2 0 0 2 0 0 1 1 0 
0 1 0 0 1 0 0 1 0 2 2 0 0 2 0 0 2 0 2 2 0 0 2 0 0 1 1 0 
0 1 0 0 1 0 0 1 0 2 2 0 0 2 0 0 2 0 2 0 0 0 0 0 0 1 1 0 
0 1 0 0 1 0 0 1 0 2 2 0 0 2 0 0 2 0 2 0 0 0 1 0 0 1 1 0 
0 1 0 0 1 0 0 1 0 0 0 0 0 0 0 0 2 0 2 0 0 0 0 0 0 0 1 0 
0 0 0 0 1 0 0 1 0 0 0 0 0 0 0 0 2 0 2 0 0 0 0 0 0 0 1 0 
0 0 0 0 0 0 0 1 0 0 0 0 0 0 0 0 2 0 2 0 0 0 0 0 0 0 1 0 
0.18 2 1 2 1 1 2 2 2 2 1 1 1 2 1 2 1 1 2 1 1 0 2 2 0 1 2 1 
0.0324 2 1 2 1 1 2 2 2 2 1 1 0 2 1 2 1 1 2 1 1 0 2 2 0 1 2 1 
0.005832 2 1 0 1 1 0 2 2 2 1 1 0 2 1 2 1 2 2 1 1 0 2 2 0 1 2 1 
0.00104976 2 1 0 1 1 0 2 2 2 1 1 0 2 1 2 1 2 2 0 1 0 2 2 0 1 2 1 
0.000188957 2 1 0 1 1 0 2 2 2 1 1 0 2 1 2 1 2 2 2 1 0 1 2 0 1 2 1 
3.40122e-05 2 1 0 1 1 0 2 2 2 1 1 0 2 1 2 1 2 2 2 0 0 1 0 0 1 1 1 
6.1222e-06 2 1 0 1 1 0 2 2 2 1 1 0 2 1 2 1 2 2 2 0 0 1 0 0 1 0 1 
1.102e-06 2 1 0 1 1 0 2 2 2 1 0 0 2 1 2 1 2 2 2 0 0 1 0 0 1 0 1 
1.98359e-07 2 1 0 1 1 0 2 2 2 1 0 0 2 0 2 1 0 2 2 0 0 1 0 0 1 0 1 
3.57047e-08 2 0 0 1 1 0 2 2 2 1 0 0 2 0 2 1 0 2 2 0 0 1 0 0 1 0 1 
6.42684e-09 2 0 0 1 1 0 2 2 2 1 0 0 2 0 2 1 0 2 2 0 0 1 0 0 1 0 0 
1.15683e-09 2 0 0 1 0 0 2 0 2 1 0 0 2 0 0 1 0 2 0 0 0 1 0 0 1 0 0 
2.0823e-10 2 0 0 1 0 0 2 0 2 1 0 0 2 0 0 1 0 2 0 0 0 0 0 0 1 0 0 
3.74813e-11 2 0 0 1 0 0 2 0 2 1 0 0 2 0 0 1 0 2 0 0 0 0 0 0 0 0 0 
5.22879e-12 0 0 0 1 0 0 2 0 2 0 0 0 0 0 0 1 0 0 0 0 0 0 0 0 0 1 0 
0 0 1 0 1 1 0 1 2 1 2 0 0 2 0 2 2 0 1 2 0 0 1 0 2 1 0 2 
0 1 1 0 1 1 0 2 2 1 2 0 0 2 0 2 2 0 1 2 0 0 1 0 2 1 0 2 
0 1 0 0 1 1 0 2 2 1 2 0 0 2 0 2 2 0 1 2 0 0 1 0 2 1 0 2 
0 1 0 0 1 0 0 2 0 1 2 0 0 2 0 2 2 0 1 0 0 0 1 0 0 1 0 2 
0 1 0 0 1 0 0 2 0 1 2 0 0 2 0 2 2 0 1 0 0 0 0 0 0 1 0 2 
0 1 0 0 1 0 0 2 0 1 2 0 0 2 0 2 2 0 1 0 0 0 0 0 0 0 0 2 
0 1 0 0 1 0 0 2 0 1 0 0 0 0 0 2 0 0 1 0 0 0 0 0 0 0 2 2 
0 1 0 0 1 0 0 2 0 0 0 0 0 0 0 2 0 0 1 0 0 0 0 0 0 0 2 2 
0 0 0 0 1 0 0 2 0 0 0 0 0 0 0 2 0 0 1 0 0 0 0 0 0 0 2 2 
0 0 0 0 0 0 0 1 0 1 0 0 0 0 0 2 0 0 1 0 0 0 0 0 0 0 0 2 
0 0 0 0 0 0 0 0 0 1 0 0 0 0 0 2 0 0 1 0 0 0 0 0 0 0 0 2 
0.4392 1 1 0 1 1 0 1 2 0 2 0 0 2 1 0 1 2 0 2 2 0 2 2 1 1 1 2 
0.146448 1 1 0 1 1 0 1 2 0 2 1 0 2 2 0 1 1 0 2 2 0 2 2 1 1 1 2 
0.0348287 1 1 0 1 1 0 1 2 0 2 0 0 2 0 0 1 1 0 2 2 0 1 2 1 1 1 2 
0.0151711 1 0 0 1 1 0 1 2 0 2 0 0 2 0 0 1 1 0 2 2 0 1 2 1 1 1 2 
0.00493782 1 0 0 1 0 0 1 2 0 2 0 0 2 0 0 1 1 0 2 2 0 1 2 1 1 1 2 
0.00141232 1 0 0 1 0 0 2 0 0 2 0 0 2 0 0 1 1 0 0 2 0 1 2 1 1 1 2 
0.000374311 1 0 0 1 0 0 2 0 0 2 0 0 2 0 0 1 1 0 0 2 0 0 2 1 1 1 2 
9.42118e-05 1 0 0 1 0 0 2 0 0 2 0 0 2 0 0 1 1 0 0 2 0 0 2 0 1 1 2 
2.28296e-05 1 0 0 1 0 0 2 0 0 0 0 0 0 0 0 1 1 0 0 2 0 0 2 0 0 1 0 
5.37184e-06 1 0 0 1 0 0 2 0 0 0 0 0 0 0 0 0 1 0 0 2 0 0 2 0 0 1 0 
1.23449e-06 0 0 0 1 0 0 2 0 0 0 0 0 0 0 0 0 1 0 0 2 0 0 2 0 0 1 0 
0 1 1 0 1 2 0 2 2 0 2 0 0 2 0 1 1 0 1 1 0 0 1 0 0 2 2 2 
0 1 1 0 1 2 0 2 2 0 2 0 0 2 0 1 1 1 1 1 0 0 1 0 0 2 2 2 
0 1 0 0 1 0 0 2 0 0 2 0 0 2 0 1 1 0 1 1 0 0 1 0 0 2 2 0 
0 1 0 0 1 0 0 2 0 0 2 0 0 2 0 1 1 0 1 0 0 0 1 0 0 2 2 0 
0 1 0 0 1 0 0 2 0 0 2 0 0 2 0 1 1 0 1 0 0 0 0 0 0 2 2 0 
0 1 0 0 1 0 0 2 0 0 0 0 0 0 0 0 1 0 1 0 0 0 0 0 0 0 2 0 
0 1 0 0 1 0 0 2 0 0 0 0 0 0 0 0 1 0 0 0 0 0 0 0 0 0 2 0 
0 0 0 0 1 0 0 2 0 0 0 0 0 0 0 0 1 0 0 0 0 0 0 0 0 0 2 0 
0.18 1 1 0 1 1 0 1 2 0 1 0 0 2 1 0 2 1 0 2 2 2 1 2 1 1 1 2 
0.0324 1 1 0 1 1 0 1 2 0 1 0 0 2 0 0 2 1 0 2 2 2 1 2 1 1 1 2 
0.005832 1 1 0 1 1 0 1 2 0 0 0 0 2 0 0 2 1 0 2 2 2 1 2 1 1 1 2 
0 2 1 0 1 1 0 2 2 1 1 2 0 2 2 0 2 1 0 0 2 1 0 2 1 1 2 1 
0 2 1 0 1 1 0 2 2 1 1 2 0 2 2 0 2 1 0 0 2 1 0 2 1 0 2 1 
0 2 1 0 1 1 0 2 2 1 0 2 0 2 2 0 2 1 0 0 2 1 0 2 1 0 2 1 
0 2 1 0 1 1 0 2 2 1 0 2 0 1 2 0 1 1 0 0 2 1 0 2 1 0 2 1 
0 2 1 0 1 1 0 2 2 1 0 2 0 1 2 0 1 1 0 0 2 0 0 2 1 0 2 1 
0 2 1 0 1 1 0 2 2 1 0 2 0 1 2 0 1 1 0 0 2 0 0 2 0 0 2 1 
0.005832 2 1 0 1 1 0 2 2 1 0 0 0 1 0 0 1 1 0 0 2 0 2 2 0 1 2 1 
0.00104976 2 1 0 1 1 0 2 2 1 0 0 0 0 0 0 1 1 0 0 2 0 2 2 0 1 2 1 
0.000188957 2 1 0 1 1 0 2 2 1 0 0 0 0 0 0 1 1 0 2 2 0 1 2 0 2 2 1 
3.40122e-05 0 1 0 1 1 0 2 2 1 0 0 0 0 0 0 0 1 0 1 2 0 2 2 0 2 2 1 
6.1222e-06 0 1 0 0 1 0 2 2 1 0 0 0 0 0 0 0 1 0 1 2 0 2 2 0 2 2 1 
1.102e-06 0 1 0 0 1 0 2 2 1 0 0 0 0 0 0 0 1 0 0 2 0 2 2 0 2 2 1 
1.98359e-07 0 1 0 0 1 0 2 2 1 0 0 0 0 0 0 0 1 0 0 2 0 1 2 0 1 2 1 
3.57047e-08 0 1 0 0 1 0 2 2 1 0 0 0 0 0 0 0 1 0 0 2 0 0 2 0 1 2 1 
6.42684e-09 0 1 0 0 1 0 2 2 1 0 0 0 0 0 0 0 1 0 0 2 0 0 2 0 0 2 1 
1.15683e-09 0 1 0 2 1 0 2 2 1 0 0 0 0 0 0 0 1 0 0 0 0 0 2 0 0 2 1 
2.0823e-10 2 1 0 2 1 0 1 2 1 0 0 0 0 0 0 0 1 0 0 0 0 0 2 0 0 2 1 
3.74813e-11 2 0 0 2 1 0 1 2 1 0 0 0 0 0 0 0 1 0 0 0 0 0 2 0 0 2 1 
6.74664e-12 2 0 0 2 0 0 1 0 1 0 0 0 0 0 0 1 1 0 0 0 0 0 0 0 0 2 1 
1.2144e-12 2 0 0 2 0 0 1 0 1 0 0 0 0 0 0 1 1 0 0 0 0 0 0 0 0 2 0 
2.18591e-13 2 0 0 2 0 0 1 0 1 0 0 0 0 0 0 0 1 0 0 0 0 0 0 0 0 2 0 
3.93464e-14 0 0 0 0 0 0 1 0 0 0 0 0 0 0 0 0 1 0 0 0 0 0 0 0 0 0 0 
0.18 0 0 0 2 1 0 1 1 1 2 0 0 1 2 0 1 1 0 1 2 0 2 2 0 1 2 1 
0.0324 2 0 0 1 1 0 2 1 1 2 0 0 1 2 0 1 1 0 1 2 0 2 2 0 1 2 1 
0 1 1 0 1 2 0 2 1 0 2 2 0 2 2 1 1 1 1 2 1 0 1 2 1 1 1 2 
0 1 1 0 1 2 0 2 1 0 2 2 0 2 2 1 1 1 1 2 0 0 1 2 1 1 1 2 
0 1 0 0 1 2 0 2 1 0 2 2 0 2 2 1 1 1 1 2 0 0 1 2 1 1 1 2 
0 1 1 0 1 1 0 2 2 0 2 2 0 2 2 1 1 1 1 2 0 0 1 0 1 1 1 2 
0 1 1 0 1 1 0 2 2 0 2 2 0 2 2 1 1 1 1 2 0 0 1 0 1 1 0 2 
0 0 1 0 1 1 0 2 2 0 2 2 0 2 2 1 1 1 1 2 0 0 1 0 1 1 0 2 
0 1 1 0 2 1 0 2 2 0 2 0 0 2 2 1 1 1 1 1 0 0 1 0 1 2 0 2 
0 1 0 0 2 1 0 2 2 0 2 0 0 2 2 1 1 1 1 1 0 0 1 0 1 2 0 2 
0 1 0 0 2 0 0 2 2 0 2 0 0 2 2 1 1 1 1 1 0 0 1 0 1 2 0 2 
0 1 0 0 2 0 0 2 0 0 2 0 0 1 2 1 1 1 1 1 0 0 1 0 0 2 0 2 
0 1 0 0 2 0 0 2 0 0 2 0 0 1 2 1 1 1 1 0 0 0 1 0 0 2 0 2 
0 1 0 0 2 0 0 2 0 0 2 0 0 1 2 1 1 1 1 0 0 0 0 0 0 2 0 2 
0 1 0 0 2 0 0 2 0 0 0 0 0 1 2 0 1 1 1 0 0 0 0 0 0 0 0 0 
0 1 0 0 2 0 0 2 0 0 0 0 0 0 2 0 1 1 1 0 0 0 0 0 0 0 0 0 
0 0 0 0 2 0 0 2 0 0 0 0 0 0 2 0 1 1 1 0 0 0 0 0 0 0 0 0 
0 2 1 0 1 2 0 2 2 0 0 2 0 1 1 0 2 2 1 2 1 0 2 1 2 1 2 2 
0 2 1 0 1 2 0 2 2 0 1 2 0 2 1 0 1 2 1 2 1 0 2 1 2 1 2 2 
0 2 1 0 1 2 0 2 2 0 1 2 0 2 1 0 1 2 1 2 0 0 2 1 2 1 2 2 
0 0 2 0 1 2 0 2 1 0 1 0 0 2 1 0 1 2 1 2 0 0 2 1 2 1 2 2 
0 1 2 0 2 2 0 1 1 0 1 0 0 2 1 0 1 2 1 2 0 0 2 1 2 1 2 2 
0 1 2 0 2 2 0 1 1 0 1 0 0 2 0 0 1 2 1 2 0 0 2 1 2 1 2 2 
0 2 0 0 1 0 0 1 1 0 1 0 0 2 0 0 1 2 1 2 0 0 2 1 2 1 2 2 
0 2 0 0 1 1 0 1 1 0 1 0 0 2 0 0 1 2 1 2 0 0 2 1 2 1 2 2 
0 2 0 0 1 0 0 1 0 0 1 0 0 2 0 0 1 2 1 0 0 0 0 1 0 1 2 2 
0 2 0 0 1 0 0 1 0 0 1 0 0 2 0 0 1 2 0 0 0 0 0 1 0 1 2 2 
0 2 0 0 1 0 0 1 0 0 1 0 0 2 0 0 1 2 0 0 0 0 0 1 0 0 2 2 
4.04065e-05 0 0 0 1 0 0 1 0 0 0 0 0 0 0 0 1 2 0 0 0 0 0 1 0 0 2 0 
8.15477e-06 0 0 0 1 0 0 1 0 0 0 0 0 0 0 0 1 2 0 0 0 0 0 0 0 0 2 0 
1.27586e-06 0 0 0 0 0 0 1 0 0 0 0 0 0 0 0 1 2 0 0 0 0 0 0 0 0 2 0 
0 1 1 0 1 2 0 2 2 0 1 0 0 2 0 0 1 2 2 1 0 0 2 1 1 2 2 2 
0 0 1 0 1 2 0 2 2 0 1 0 0 2 0 0 1 2 2 1 0 0 2 1 1 2 2 2 
0 1 1 0 2 2 0 1 2 0 1 0 0 2 0 0 1 2 2 1 0 0 2 1 1 2 2 2 
0 1 0 0 2 0 0 1 1 0 1 0 0 2 0 0 1 2 2 1 0 0 2 1 1 2 2 2 
0 1 0 0 2 0 0 1 0 0 1 0 0 2 0 0 1 2 2 1 0 0 2 1 1 2 2 2 
0 1 0 0 2 0 0 1 0 0 1 0 0 2 0 0 1 2 2 1 0 0 2 1 0 2 2 2 
0 1 0 0 2 0 0 1 0 0 1 0 0 2 0 0 1 2 0 0 0 0 0 1 0 0 2 2 
0 0 0 0 2 0 0 1 0 0 1 0 0 2 0 0 1 2 0 0 0 0 0 1 0 0 2 2 
0 0 0 0 0 0 0 1 0 0 0 0 0 0 0 0 1 2 0 0 0 0 0 1 0 0 2 0 
0.324 2 0 0 1 1 0 1 2 2 1 0 0 1 1 0 1 2 1 1 0 0 2 1 0 2 2 2 
0.08424 2 0 0 1 1 0 1 2 2 1 0 0 1 0 0 1 2 1 1 0 0 2 1 0 2 2 2 
0.0198288 2 0 0 1 0 0 1 2 2 1 0 0 1 0 0 1 2 1 1 0 0 2 1 0 2 2 2 
0.00440899 2 0 0 1 0 0 1 0 2 1 0 0 1 0 0 1 2 1 0 0 0 0 1 0 0 2 2 
0.000944784 2 0 0 1 0 0 1 0 2 1 0 0 1 0 0 1 2 0 0 0 0 0 1 0 0 2 2 
0.000197271 2 0 0 1 0 0 1 0 2 0 0 0 1 0 0 1 2 0 0 0 0 0 1 0 0 2 2 
0.324 1 2 0 2 1 0 2 1 1 1 1 0 1 2 0 1 2 1 1 2 0 1 2 2 2 2 1 
0.08424 1 2 0 2 1 0 2 1 0 1 1 0 1 2 0 1 2 1 1 2 0 1 2 2 2 2 1 
0.0198288 1 2 0 2 1 0 2 1 0 0 1 0 1 2 0 1 2 1 1 2 0 1 2 2 2 2 1 
0.00440899 1 1 0 2 1 0 2 2 0 1 1 0 1 2 0 1 2 1 1 0 0 1 2 2 2 2 1 
0.000944784 1 1 0 2 1 0 2 2 0 1 0 0 1 2 0 1 2 1 1 0 0 1 2 2 2 2 1 
0.000197271 0 1 0 2 1 0 2 2 0 1 0 0 1 2 0 1 2 1 1 0 0 1 2 2 2 2 1 
4.04065e-05 2 1 0 2 1 0 2 2 0 1 0 0 1 0 0 1 2 1 1 0 0 1 2 2 2 2 1 
8.15477e-06 2 0 0 2 1 0 2 2 0 1 0 0 1 0 0 1 2 1 1 0 0 1 2 2 2 2 1 
1.62655e-06 2 0 0 2 0 0 2 2 0 1 0 0 1 0 0 1 2 1 1 0 0 1 2 2 2 2 1 
3.21342e-07 2 0 0 2 0 0 2 0 0 1 0 0 1 0 0 1 2 1 1 0 0 1 2 0 2 2 1 
6.2983e-08 2 0 0 2 0 0 2 0 0 1 0 0 1 0 0 1 2 1 0 0 0 1 2 0 2 2 1 
1.22624e-08 2 0 0 2 0 0 2 0 0 1 0 0 1 0 0 1 2 1 0 0 0 0 2 0 2 2 1 
2.37382e-09 2 0 0 2 0 0 1 0 0 1 0 0 1 0 0 1 2 0 0 0 0 0 2 0 0 2 1 
4.57272e-10 2 0 0 2 0 0 1 0 0 0 0 0 1 0 0 1 2 0 0 0 0 0 2 0 0 2 1 
8.77063e-11 2 0 0 2 0 0 1 0 0 0 0 0 0 0 0 1 2 0 0 0 0 0 2 0 0 2 1 
2.52507e-07 0 0 0 0 0 0 1 0 0 0 0 0 0 0 0 1 2 1 0 0 0 0 0 0 0 2 0 
4.95644e-08 0 0 0 0 0 0 0 0 0 0 0 0 0 0 0 1 2 1 0 0 0 0 0 0 0 2 0 
0.18 2 1 0 2 1 0 1 2 1 2 1 0 1 1 2 1 1 2 2 0 0 1 0 0 1 1 2 
0.0324 2 0 0 2 1 0 1 2 1 2 1 0 1 1 2 1 1 2 2 0 0 1 0 0 1 1 2 
0.005832 2 0 0 2 1 0 1 2 1 2 0 0 1 1 2 1 1 2 2 0 0 1 0 0 1 1 2 
0.00188957 2 0 0 2 0 0 1 0 1 2 0 0 1 1 2 1 1 2 0 0 0 1 0 0 1 1 0 
0.000491288 2 0 0 2 0 0 1 0 1 2 0 0 1 1 2 1 1 2 0 0 0 0 0 0 1 1 0 
0.000115642 2 0 0 2 0 0 1 0 1 2 0 0 1 1 2 1 1 2 0 0 0 1 0 0 2 1 0 
2.57132e-05 2 0 0 2 0 0 1 0 1 0 0 0 1 1 0 1 1 2 0 0 0 0 0 0 0 1 0 
5.50998e-06 2 0 0 2 0 0 1 0 1 0 0 0 0 1 0 1 1 2 0 0 0 0 0 0 0 1 0 
1.15048e-06 2 0 0 2 0 0 1 0 0 0 0 0 0 1 0 1 1 2 0 0 0 0 0 0 0 1 0 
2.35651e-07 0 0 0 0 0 0 1 0 0 0 0 0 0 1 0 0 1 0 0 0 0 0 0 0 0 1 0 
4.75586e-08 0 0 0 0 0 0 0 0 0 0 0 0 0 1 0 0 1 0 0 0 0 0 0 0 0 1 0 
0.18 2 0 0 2 1 2 1 2 1 2 0 0 1 1 2 1 1 2 2 1 0 1 1 0 1 1 0 
0.0324 2 0 0 2 1 2 1 2 1 2 0 0 1 1 2 1 1 2 2 0 0 1 1 0 1 1 0 
0.005832 2 0 0 2 0 2 1 2 1 2 0 0 1 1 2 1 1 2 2 0 0 1 1 0 1 1 0 
0.18 2 2 0 2 1 0 1 1 0 2 0 0 2 2 0 1 1 1 0 2 0 0 1 0 1 1 1 
0.0324 2 2 0 2 1 0 1 1 0 2 0 0 2 2 0 1 1 1 0 2 0 0 1 0 0 1 1 
0.005832 2 2 0 2 1 0 1 1 0 0 0 0 0 2 0 1 1 0 0 0 0 0 1 0 0 1 1 
0.00104976 2 2 0 2 1 0 1 1 0 0 0 0 0 2 0 1 1 0 0 0 0 0 0 0 0 1 1 
0.000188957 2 2 0 2 1 0 1 1 0 0 0 0 0 2 0 0 1 0 0 0 0 0 0 0 0 1 1 
3.40122e-05 0 0 0 0 1 0 1 1 0 0 0 0 0 2 0 0 1 0 0 0 0 0 0 0 0 0 1 
6.1222e-06 0 0 0 0 0 0 1 1 0 0 0 0 0 2 0 0 1 0 0 0 0 0 0 0 0 0 1 
1.102e-06 0 0 0 0 0 0 0 1 0 0 0 0 0 2 0 0 1 0 0 0 0 0 0 0 0 0 1 
0 2 1 0 1 1 1 1 2 2 2 2 0 1 2 0 1 1 2 2 0 0 1 0 0 2 1 1 
0 2 0 0 1 1 1 1 2 2 2 2 0 1 2 0 1 1 2 2 0 0 1 0 0 2 1 1 
0 2 0 0 1 1 0 1 2 2 2 2 0 1 2 0 1 1 2 2 0 0 1 0 0 2 1 1 
0 2 0 0 1 0 0 1 2 0 0 2 0 1 2 0 1 1 0 2 0 0 1 0 0 2 1 1 
0 2 0 0 1 0 0 1 2 0 0 2 0 0 2 0 1 1 0 2 0 0 1 0 0 2 1 1 
0 2 0 0 1 0 0 1 2 0 0 2 0 0 2 0 1 1 0 2 0 0 1 0 0 2 0 1 
0 0 0 0 1 0 0 1 2 0 0 0 0 0 2 0 0 1 0 0 0 0 1 0 0 2 0 1 
0 0 0 0 0 0 0 1 2 0 0 0 0 0 2 0 0 1 0 0 0 0 1 0 0 2 0 1 
0 0 0 0 0 0 0 1 2 0 0 0 0 0 2 0 0 1 0 0 0 0 0 0 0 2 0 1 
0 2 1 0 2 1 0 1 2 2 2 1 0 2 2 0 1 1 1 2 0 0 1 0 1 2 1 1 
0 2 1 0 2 1 0 1 2 2 2 1 0 2 2 0 1 1 1 2 0 0 1 0 0 2 1 1 
0 2 0 0 2 1 0 1 2 2 2 1 0 2 2 0 1 1 1 2 0 0 1 0 0 2 1 1 
0 2 0 0 2 1 0 1 2 0 0 1 0 0 2 0 1 1 0 2 0 0 1 0 0 2 1 1 
0 2 0 0 2 1 0 1 2 0 0 1 0 0 2 0 1 1 0 2 0 0 1 0 0 2 0 1 
0 2 0 0 2 1 0 1 2 0 0 1 0 0 2 0 0 1 0 2 0 0 1 0 0 2 0 1 
0 0 0 0 0 1 0 1 2 0 0 0 0 0 2 0 0 1 0 0 0 0 1 0 0 2 0 1 
0 0 0 0 0 1 0 1 2 0 0 0 0 0 2 0 0 1 0 0 0 0 0 0 0 2 0 1 
0 0 0 0 0 1 0 0 2 0 0 0 0 0 2 0 0 1 0 0 0 0 0 0 0 2 0 1 
0 2 1 0 1 2 0 1 2 2 2 2 0 1 2 0 1 1 1 2 0 0 1 1 0 2 1 1 
0 2 1 0 1 2 0 1 2 2 2 2 0 1 2 0 1 1 1 2 0 0 1 0 0 2 1 1 
0 2 1 0 1 2 0 1 2 2 2 2 0 1 2 0 1 1 0 2 0 0 1 0 0 2 1 1 
0 2 0 0 1 2 0 1 2 0 0 0 0 1 2 0 1 1 0 2 0 0 1 0 0 2 1 1 
0 2 0 0 1 2 0 1 2 0 0 0 0 0 2 0 1 1 0 2 0 0 1 0 0 2 1 1 
0 2 0 0 1 2 0 1 2 0 0 0 0 0 2 0 1 1 0 2 0 0 1 0 0 2 0 1 
0 0 0 0 1 2 0 1 2 0 0 0 0 0 0 0 0 1 0 0 0 0 1 0 0 2 0 1 
0 0 0 0 0 2 0 1 2 0 0 0 0 0 0 0 0 1 0 0 0 0 1 0 0 2 0 1 
0 0 0 0 0 2 0 1 2 0 0 0 0 0 0 0 0 1 0 0 0 0 0 0 0 2 0 1 
0.18 1 1 0 2 1 0 1 1 2 2 0 0 2 0 0 2 1 0 1 0 0 2 1 0 2 1 1 
0.0324 1 1 0 2 1 0 1 1 2 2 0 0 2 0 0 2 1 0 0 0 0 2 1 0 2 1 1 
0.00466561 1 1 0 2 1 0 1 1 0 0 0 0 2 0 0 2 1 0 0 0 0 0 0 0 2 1 1 
0.00167962 1 0 0 2 1 0 1 1 0 0 0 0 2 0 0 2 1 0 0 0 0 0 0 0 2 1 1 
0.000453496 0 0 0 2 1 0 1 1 0 0 0 0 2 0 0 2 1 0 0 0 0 0 0 0 2 1 1 
0.000108839 1 0 0 2 1 0 1 1 0 0 0 0 0 0 0 2 1 0 0 0 0 0 0 0 2 1 1 
2.44888e-05 1 0 0 2 0 0 1 1 0 0 0 0 0 0 0 2 1 0 0 0 0 0 0 0 2 1 1 
5.28958e-06 0 0 0 2 0 0 1 1 0 0 0 0 0 0 0 2 1 0 0 0 0 0 0 0 2 1 1 
1.11081e-06 1 0 0 2 0 0 2 1 0 0 0 0 0 0 0 0 1 0 0 0 0 0 0 0 2 1 1 
2.2851e-07 1 0 0 2 0 0 2 1 0 0 0 0 0 0 0 0 0 0 0 0 0 0 0 0 2 1 1 
4.62733e-08 0 0 0 2 0 0 2 1 0 0 0 0 0 0 0 0 0 0 0 0 0 0 0 0 2 1 1 
9.25465e-09 0 0 0 0 0 0 0 0 0 0 0 0 0 0 0 0 0 0 0 0 0 0 0 0 0 1 1 
0.18 2 1 2 2 2 1 1 2 1 2 2 0 2 1 0 1 1 0 0 0 1 1 0 1 2 0 1 
0.0324 2 1 2 2 2 1 1 2 1 2 2 0 2 1 0 1 1 0 0 0 0 1 0 1 2 0 1 
0.005832 2 1 2 2 2 1 1 2 1 2 2 0 2 1 0 1 1 0 0 0 0 0 0 1 2 0 1 
0.00104976 2 1 0 2 2 1 1 2 1 0 2 0 0 1 0 1 1 0 0 0 0 0 0 0 2 0 1 
0.000188957 2 1 0 2 2 0 1 2 1 0 2 0 0 1 0 1 1 0 0 0 0 0 0 0 2 0 1 
3.40122e-05 2 1 0 2 2 0 1 2 1 0 2 0 0 1 0 0 1 0 0 0 0 0 0 0 2 0 1 
6.1222e-06 0 1 0 0 2 0 1 2 0 0 0 0 0 1 0 0 1 0 0 0 0 0 0 0 2 0 1 
1.102e-06 0 1 0 0 2 0 1 2 0 0 0 0 0 0 0 0 1 0 0 0 0 0 0 0 2 0 1 
1.98359e-07 0 1 0 0 2 0 0 2 0 0 0 0 0 0 0 0 1 0 0 0 0 0 0 0 2 0 1 
0.18 1 1 0 2 1 2 1 1 1 2 2 0 2 2 0 2 2 1 0 1 2 0 1 2 2 2 1 
0.0324 1 0 0 2 1 2 1 1 1 2 2 0 2 2 0 2 2 1 0 1 2 0 1 2 2 2 1 
0.005832 1 0 2 2 1 1 1 1 1 2 2 0 2 2 0 2 2 1 0 1 2 0 1 2 2 2 1 
0.00104976 1 1 2 2 1 1 1 1 1 2 2 0 2 2 0 2 2 0 0 1 0 0 1 0 2 2 1 
0.000188957 1 1 2 2 1 1 1 1 1 2 2 0 2 2 0 2 2 0 0 0 0 0 1 0 2 2 1 
3.40122e-05 1 1 2 2 1 1 1 1 1 2 2 0 2 2 0 2 2 0 0 0 0 0 0 0 2 2 1 
5.09612e-06 1 1 2 2 1 1 1 1 1 2 2 0 2 2 0 2 2 0 0 0 0 0 0 0 2 1 1 
1.102e-06 1 1 2 2 1 1 1 1 1 2 2 0 2 2 0 2 2 0 0 0 0 0 0 0 2 0 1 
9.17302e-07 1 1 0 2 1 1 1 1 1 2 0 0 2 2 0 2 2 0 0 0 0 0 0 0 2 1 1 
1.65114e-07 1 1 0 2 1 0 1 1 1 2 0 0 2 2 0 2 2 0 0 0 0 0 0 0 2 1 1 
2.97206e-08 1 1 0 2 1 0 1 1 0 2 0 0 2 2 0 2 2 0 0 0 0 0 0 0 2 1 1 
0 0 0 2 1 2 1 2 2 2 1 0 0 1 0 0 1 0 0 2 1 0 2 1 0 2 1 0 
0 0 0 2 0 2 1 2 2 2 1 0 0 1 0 0 1 0 0 2 1 0 2 1 0 2 1 0 
0 0 0 2 0 2 1 2 2 2 1 0 0 1 0 0 1 1 0 2 1 0 2 1 0 2 1 0 
0 0 0 0 0 2 1 0 2 2 1 0 0 1 0 0 1 2 0 2 1 0 2 1 0 2 1 0 
0 0 0 0 0 2 0 0 2 2 1 0 0 1 0 0 1 2 0 2 1 0 2 1 0 2 1 0 
0 0 0 0 0 2 0 0 2 2 1 0 0 1 2 0 1 2 0 2 1 0 2 1 0 2 1 0 
0 0 0 0 0 0 0 0 0 2 0 2 0 1 2 0 1 1 0 2 1 0 2 1 0 2 1 0 
0 0 0 0 0 0 0 0 0 2 1 2 0 1 2 0 2 1 0 2 1 0 2 1 0 2 1 0 
0 0 0 0 0 0 0 0 0 2 1 2 0 1 2 0 2 1 0 2 0 0 2 1 0 2 1 0 
0 0 0 0 0 0 0 0 0 2 1 0 0 1 1 0 2 1 0 2 0 0 2 0 0 2 1 0 
0 0 0 0 0 0 0 0 0 2 1 0 0 1 0 0 2 1 0 2 0 0 2 0 0 2 1 0 
0 0 0 0 0 0 0 0 0 2 1 0 0 1 0 0 2 0 0 2 0 0 2 0 0 2 1 0 
0 0 0 0 0 2 0 0 1 2 1 0 0 1 0 0 2 0 0 0 0 0 0 0 0 2 1 0 
0 0 2 0 0 1 0 0 1 2 1 0 0 1 0 0 2 0 0 0 0 0 0 0 0 2 1 0 
0 0 2 0 0 1 0 0 1 2 0 0 0 1 0 0 2 0 0 0 0 0 0 0 0 2 1 0 
0 0 1 0 0 1 0 0 2 2 0 0 0 0 0 0 0 0 0 0 0 0 0 0 0 2 1 0 
0 0 0 0 0 1 0 0 2 2 0 0 0 0 0 0 0 0 0 0 0 0 0 0 0 2 1 0 
0 0 0 0 0 1 0 0 2 2 0 0 0 0 0 0 1 0 0 0 0 0 0 0 0 2 1 0 
0 0 1 0 0 2 0 0 1 0 0 0 0 0 0 0 0 0 0 0 0 0 0 0 0 0 1 0 
0 0 0 0 0 2 0 0 1 0 0 0 0 0 0 0 0 0 0 0 0 0 0 0 0 0 1 0 
0 0 0 0 0 2 0 0 1 0 0 0 0 0 0 0 0 0 0 0 0 0 0 0 0 1 1 0 
0 1 0 0 1 2 1 2 2 2 1 1 0 1 2 0 1 2 2 2 1 0 2 1 0 2 1 0 
0 0 0 0 1 2 1 2 2 2 1 1 0 1 2 0 1 2 2 2 1 0 2 1 0 2 1 0 
0 0 0 0 1 2 1 2 2 2 1 0 0 1 2 0 1 2 2 2 1 0 2 1 0 2 1 0 
0.4392 1 2 0 2 1 1 1 1 2 1 1 2 2 2 2 2 1 1 2 2 1 2 1 1 1 1 1 
0.146448 1 2 0 2 1 1 1 1 2 1 1 2 2 2 2 2 1 1 2 2 0 2 1 1 1 1 1 
0.0422237 1 2 0 2 1 0 1 1 2 1 1 2 2 2 2 2 1 1 2 2 0 2 1 1 1 1 1 
0.0111275 1 2 0 2 1 0 1 1 0 1 1 0 2 2 2 2 1 1 2 0 0 2 1 0 1 1 1 
0.00275877 1 2 0 2 1 0 1 1 0 1 1 0 2 2 2 2 1 1 2 0 0 2 0 0 1 1 1 
0.000654395 0 2 0 2 1 0 1 1 0 1 1 0 2 2 2 2 1 1 2 0 0 2 0 0 1 1 1 
0.000150116 1 0 0 2 1 0 2 1 0 1 1 0 2 2 2 2 1 1 2 0 0 2 0 0 1 1 1 
3.35448e-05 1 0 0 2 1 0 2 1 0 1 1 0 2 2 2 2 1 1 2 0 0 2 0 0 1 1 0 
7.33929e-06 1 0 0 2 0 0 2 1 0 1 1 0 2 2 2 2 1 1 2 0 0 2 0 0 1 1 0 
1.57815e-06 1 0 0 2 0 0 2 1 0 1 1 0 2 2 0 2 1 1 0 0 0 0 0 0 1 0 0 
3.34453e-07 1 0 0 2 0 0 2 1 0 1 1 0 2 2 0 2 1 0 0 0 0 0 0 0 1 0 0 
7.00114e-08 1 0 0 2 0 0 2 1 0 0 1 0 2 2 0 2 1 0 0 0 0 0 0 0 1 0 0 
1.45011e-08 1 0 0 2 0 0 2 1 0 0 1 0 0 2 0 0 1 0 0 0 0 0 0 0 1 0 0 
2.97602e-09 1 0 0 2 0 0 2 0 0 0 1 0 0 2 0 0 1 0 0 0 0 0 0 0 1 0 0 
6.05848e-10 0 0 0 2 0 0 2 0 0 0 1 0 0 2 0 0 1 0 0 0 0 0 0 0 1 0 0 
1.2246e-10 0 0 0 0 0 0 0 0 0 0 0 0 0 0 0 0 1 0 0 0 0 0 0 0 1 0 0 
0 1 0 0 2 1 0 2 2 0 2 0 0 2 2 0 1 2 0 2 0 0 1 0 0 1 2 0 
0 1 0 0 2 1 0 2 2 0 2 0 0 2 2 0 1 2 1 2 0 0 1 0 0 1 2 0 
0 1 0 0 2 0 0 2 2 0 2 0 0 2 2 0 1 2 1 2 0 0 1 0 0 1 2 0 
0 1 0 0 2 0 0 2 0 0 2 0 0 2 0 0 1 2 0 0 0 0 1 0 0 1 2 0 
0 1 0 0 2 0 0 2 0 1 2 0 0 2 0 0 1 2 0 0 0 0 1 0 0 1 2 0 
0 1 0 0 2 0 0 2 0 1 2 0 0 2 0 0 1 2 0 0 0 0 0 0 0 1 2 0 
0 1 0 0 2 0 0 2 0 0 0 0 0 0 0 0 1 2 0 0 0 0 0 0 0 1 0 0 
0 1 0 0 2 0 0 2 0 0 0 0 0 0 0 0 0 2 0 0 0 0 0 0 0 1 0 0 
0 0 0 0 2 0 0 2 0 0 0 0 0 0 0 0 0 2 0 0 0 0 0 0 0 1 0 0 
0 0 0 0 0 0 0 0 0 0 0 0 0 0 0 0 0 0 0 0 0 0 0 0 0 1 1 0 
0.324 2 2 0 1 1 0 1 2 1 1 2 0 2 2 1 2 1 2 1 1 0 1 2 0 1 2 2 
0.08424 2 2 0 1 1 0 1 2 0 1 2 0 2 2 1 2 1 2 1 1 0 1 2 0 1 2 2 
0.0198288 2 2 0 1 1 0 1 2 0 1 2 0 2 2 0 2 1 2 1 1 0 1 2 0 1 2 2 
0.00440899 1 2 0 1 1 0 2 2 0 1 2 0 2 2 0 2 1 2 1 0 0 1 0 0 1 2 2 
0.000944784 0 2 0 1 1 0 2 2 0 1 2 0 2 2 0 2 1 2 1 0 0 1 0 0 1 2 2 
0.000197271 1 2 0 2 1 0 1 2 0 1 2 0 2 2 0 2 1 2 1 0 0 1 0 0 1 2 2 
4.04065e-05 2 0 0 1 1 0 2 2 0 1 2 0 2 2 0 2 1 2 1 0 0 1 0 0 1 2 0 
8.15477e-06 2 0 0 1 0 0 2 2 0 1 2 0 2 2 0 2 1 2 1 0 0 1 0 0 1 2 0 
1.62655e-06 2 0 0 1 0 0 2 2 0 1 2 0 2 2 0 2 1 2 1 0 0 1 0 0 1 2 2 
3.21342e-07 1 0 0 2 0 0 1 2 0 1 0 0 2 2 0 2 1 2 0 0 0 1 0 0 1 2 2 
6.2983e-08 0 0 0 2 0 0 1 2 0 1 0 0 2 2 0 2 1 2 0 0 0 1 0 0 1 2 2 
1.22624e-08 2 0 0 1 0 0 1 2 0 1 0 0 2 2 0 2 1 2 0 0 0 1 0 0 1 2 2 
2.37382e-09 1 0 0 1 0 0 1 2 0 1 0 0 2 0 0 2 1 2 0 0 0 0 0 0 1 2 2 
4.57272e-10 0 0 0 1 0 0 1 2 0 1 0 0 2 0 0 2 1 2 0 0 0 0 0 0 1 2 2 
8.77063e-11 1 0 0 1 0 0 2 2 0 1 0 0 2 0 0 2 1 2 0 0 0 0 0 0 1 2 2 
1.67587e-11 1 0 0 1 0 0 2 0 0 0 0 0 0 0 0 2 1 2 0 0 0 0 0 0 1 2 0 
3.19143e-12 0 0 0 1 0 0 2 0 0 0 0 0 0 0 0 2 1 2 0 0 0 0 0 0 1 2 0 
6.05935e-13 0 0 0 1 0 0 2 0 0 0 0 0 0 0 0 2 1 2 0 0 0 0 0 0 0 2 0 
2.77817e-07 0 0 0 0 0 0 0 0 0 0 0 0 0 0 0 2 1 0 0 0 0 0 0 0 0 2 0 
0.66407 1 2 0 1 1 0 2 2 1 0 2 1 0 1 2 1 1 2 2 0 1 2 0 2 1 0 1 
0.342859 1 2 0 1 1 0 2 2 1 0 2 0 0 1 2 1 1 2 2 0 1 2 0 2 1 0 1 
0.148047 1 2 0 1 1 0 2 2 1 0 2 0 0 1 2 1 1 2 2 0 0 2 0 2 1 0 1 
0.0561895 1 2 0 1 1 0 2 2 1 0 2 0 0 1 0 1 1 2 2 0 1 2 0 2 1 0 1 
0.0193642 1 2 0 1 1 0 2 2 1 0 2 0 0 1 0 1 1 2 2 0 0 2 0 2 1 0 1 
0.00619352 1 2 0 1 1 0 2 2 1 0 2 0 0 1 0 1 1 2 2 0 2 2 0 1 1 0 2 
0.00186686 1 2 0 1 1 0 2 2 1 0 2 0 0 1 0 0 1 0 2 0 1 2 0 2 1 0 2 
0.000536199 1 2 0 1 1 0 2 2 1 0 2 0 0 1 0 0 1 0 2 0 0 2 0 2 1 0 2 
0.000147967 1 2 0 1 1 0 2 2 1 0 2 0 0 1 0 0 1 0 2 0 2 2 0 2 1 0 1 
3.94793e-05 1 2 0 1 1 0 2 2 0 0 2 0 0 1 0 0 1 0 2 0 0 2 0 1 1 0 1 
1.02348e-05 1 2 0 1 1 0 2 2 0 0 2 0 0 1 0 0 1 0 2 0 0 2 0 0 1 0 1 
2.51751e-06 1 2 0 1 1 0 2 2 0 0 2 0 0 1 0 0 1 0 2 0 0 2 0 0 1 0 0 
6.23299e-07 1 2 0 1 1 0 2 2 0 0 2 0 0 1 0 0 1 0 2 0 0 2 0 0 1 0 2 
1.51393e-07 0 2 0 1 1 0 2 2 0 0 2 0 0 1 0 0 1 0 2 0 0 2 0 0 1 0 2 
3.61532e-08 0 2 0 0 1 0 0 2 0 0 0 0 0 1 0 0 1 0 2 0 0 2 0 2 1 0 1 
8.50365e-09 0 2 0 0 1 0 0 2 0 0 0 0 0 0 0 0 1 0 2 0 0 2 0 2 1 0 1 
1.97312e-09 0 2 0 0 1 0 0 2 0 0 0 0 0 0 0 0 1 0 2 0 2 2 0 1 1 0 2 
3.6179e-10 0 0 0 0 1 0 0 2 0 0 0 0 0 0 0 0 0 0 2 0 1 2 0 2 1 0 1 
1.47124e-10 0 0 0 0 0 0 0 2 0 0 0 0 0 0 0 0 0 0 2 0 1 2 0 2 1 0 1 
4.48805e-11 0 0 0 0 0 0 0 2 0 0 0 0 0 0 0 0 0 0 2 0 0 2 0 2 1 0 1 
1.21681e-11 0 0 0 0 0 0 0 0 0 0 0 0 0 0 0 0 0 0 2 0 1 2 0 1 1 0 2 
3.09158e-12 0 0 0 0 0 0 0 0 0 0 0 0 0 0 0 0 0 0 2 0 0 2 0 1 1 0 2 
7.53567e-13 0 0 0 0 0 0 0 0 0 0 0 0 0 0 0 0 0 0 2 0 0 2 0 0 1 0 2 
1.78423e-13 0 0 0 0 0 0 0 0 0 0 0 0 0 0 0 0 0 0 2 0 0 2 0 0 1 0 1 
4.134e-14 0 0 0 0 0 0 0 0 0 0 0 0 0 0 0 0 0 0 2 0 0 2 0 0 1 0 0 
9.41745e-15 0 0 0 0 0 0 0 1 0 0 0 0 0 0 0 0 0 0 2 0 0 2 0 0 1 0 0 
2.11608e-15 0 0 0 0 0 0 0 0 0 0 0 0 0 0 0 0 0 0 0 0 0 1 0 0 1 0 0 
0 1 2 2 2 1 2 1 2 1 2 2 1 1 1 2 2 1 1 2 1 0 2 1 0 2 2 0 
0 1 2 2 2 1 2 1 2 1 2 2 1 1 1 2 2 1 1 2 0 0 2 1 0 2 2 0 
0 1 2 2 2 1 2 1 2 1 2 2 1 1 1 2 2 1 1 2 1 0 2 2 0 2 1 0 
0 1 2 2 2 1 2 1 2 1 2 1 0 1 1 0 2 2 1 2 1 0 2 2 0 2 1 0 
0 1 2 2 2 1 2 1 2 1 2 0 0 1 1 0 2 2 1 2 1 0 2 2 0 2 1 0 
0 1 2 2 2 1 2 1 2 1 2 1 0 1 2 0 2 1 1 2 1 0 2 2 0 2 1 0 
0 1 2 0 2 1 0 1 2 1 2 1 0 1 2 0 2 1 2 2 1 0 2 2 0 2 1 0 
0 1 2 0 2 1 0 1 2 0 2 1 0 1 2 0 2 1 2 2 1 0 2 2 0 2 1 0 
0 1 2 0 2 1 0 1 2 0 2 1 0 1 2 0 2 1 2 2 1 0 2 2 0 2 1 2 
0 1 2 0 2 1 0 1 2 0 2 1 0 1 2 0 2 1 2 2 0 0 2 0 0 1 1 2 
0 1 2 0 2 1 0 1 2 0 2 1 0 1 2 0 2 1 2 2 0 0 2 0 0 1 0 2 
0 1 2 0 2 1 0 1 2 0 2 1 0 1 2 0 2 1 2 2 0 0 2 0 2 1 0 1 
0 1 2 0 2 1 0 1 2 0 1 0 0 2 0 0 1 1 2 2 0 0 2 0 2 1 0 1 
0 1 2 0 2 1 0 1 2 0 0 0 0 2 0 0 1 1 2 2 0 0 2 0 2 1 0 1 
0 1 2 0 2 1 0 1 2 0 2 0 0 1 0 0 2 1 2 2 0 0 2 0 2 1 0 1 
0 1 0 0 2 1 0 1 2 0 0 0 0 1 0 0 2 0 2 2 0 2 2 0 1 1 0 2 
0 0 0 0 2 1 0 1 2 0 0 0 0 1 0 0 2 0 2 2 0 2 2 0 1 1 0 2 
0 2 0 0 1 1 0 1 2 0 0 0 0 1 0 0 2 0 2 2 0 2 2 0 1 1 0 2 
0 0 0 0 1 1 0 1 2 0 0 0 0 0 0 0 0 0 2 2 0 0 2 0 1 1 0 2 
0 0 0 0 0 1 0 1 2 0 0 0 0 0 0 0 0 0 2 2 0 0 2 0 1 1 0 2 
0 0 0 0 1 1 0 2 2 0 0 0 0 0 0 0 0 0 2 2 0 0 2 0 1 1 0 2 
0 1 2 1 1 1 2 2 2 1 2 1 1 2 2 2 1 1 2 2 0 0 1 1 0 1 2 0 
0 1 2 1 1 1 2 2 2 1 2 1 1 2 2 2 1 1 2 2 1 0 1 2 0 1 1 0 
0 1 2 1 1 1 2 2 2 1 2 1 0 2 2 0 1 1 0 2 1 0 1 2 0 1 1 2 
0 1 2 0 1 1 2 2 2 1 2 1 0 2 2 0 1 1 0 2 1 0 1 2 0 1 1 2 
0 1 2 0 1 1 2 2 2 1 2 1 0 2 2 0 1 1 0 2 1 0 1 2 2 1 1 1 
0 1 2 0 1 1 2 2 2 1 2 1 0 2 2 0 1 1 0 1 0 0 1 0 2 2 1 1 
0 1 2 0 1 1 2 2 2 1 2 1 0 2 2 0 1 1 0 0 0 0 1 0 2 2 1 1 
0 1 2 0 1 1 2 2 2 1 2 1 0 2 2 0 1 1 0 1 0 0 2 0 2 1 1 1 
0 1 1 0 1 2 2 2 1 1 2 0 0 2 0 0 1 1 0 1 0 0 2 0 2 1 1 1 
0 1 0 0 1 2 2 2 1 1 2 0 0 2 0 0 1 1 0 1 0 0 2 0 2 1 1 1 
0 1 2 0 1 1 2 2 2 1 2 0 0 2 0 0 1 1 0 1 0 0 2 0 2 1 1 1 
0 1 0 0 1 1 2 2 2 1 2 0 0 1 0 0 2 0 0 1 0 0 2 0 2 1 1 1 
0 1 0 0 1 1 2 2 2 1 2 0 0 1 0 0 2 0 0 0 0 0 2 0 2 1 1 1 
0 1 0 0 1 1 2 2 2 1 2 0 0 1 0 0 2 0 0 2 0 0 1 0 2 2 1 1 
0 1 0 0 1 0 2 2 0 1 2 0 0 1 0 0 2 0 0 0 0 2 1 0 1 2 1 2 
0 0 0 0 1 0 2 2 0 1 2 0 0 1 0 0 2 0 0 0 0 2 1 0 1 2 1 2 
0 1 0 0 2 0 2 1 0 1 2 0 0 1 0 0 2 0 0 0 0 2 1 0 1 2 1 2 
0 1 0 0 2 0 2 1 0 1 0 0 0 1 0 0 2 0 0 0 0 0 0 0 1 0 1 2 
0 0 0 0 2 0 2 1 0 1 0 0 0 1 0 0 2 0 0 0 0 0 0 0 1 0 1 2 
0 2 0 0 1 0 2 1 0 1 0 0 0 1 0 0 2 0 0 0 0 0 0 0 1 0 1 2 
0 1 0 0 1 0 2 2 0 1 0 0 0 0 0 0 0 0 0 0 0 0 0 0 1 0 1 2 
0 0 0 0 1 0 2 2 0 1 0 0 0 0 0 0 0 0 0 0 0 0 0 0 1 0 1 2 
0 0 0 0 1 0 2 2 0 1 0 0 0 0 0 0 0 0 0 0 0 0 0 0 0 0 1 2 
0 1 2 2 2 1 1 2 2 2 2 1 1 1 2 2 2 1 1 1 1 0 2 2 0 1 1 0 
0 1 2 2 2 1 1 2 2 2 2 1 0 1 2 2 2 1 1 1 1 0 2 2 0 1 1 0 
0 1 2 2 2 1 1 2 2 2 2 0 0 1 2 2 2 1 1 1 1 0 2 2 0 1 1 0 
0 1 2 2 2 1 1 2 2 2 2 1 0 1 2 0 2 1 1 1 1 0 2 2 0 1 1 0 
0 1 2 2 2 1 1 2 2 2 2 1 0 1 2 0 2 1 0 1 1 0 2 2 0 1 1 0 
0 1 2 2 2 1 1 2 2 2 2 0 0 1 2 0 2 1 0 1 1 0 2 2 0 1 1 0 
0 1 1 0 2 2 1 2 1 2 2 2 0 1 1 0 2 2 0 1 1 0 2 2 0 1 1 0 
0 1 1 0 2 2 0 2 1 2 2 2 0 1 1 0 2 2 0 1 1 0 2 2 0 1 1 0 
0 1 0 0 2 2 0 2 1 2 2 2 0 1 1 0 2 2 0 1 1 0 2 2 0 1 1 0 
0 1 1 0 2 2 0 2 1 0 2 2 0 1 1 0 2 2 0 1 1 0 2 2 0 1 1 0 
0 1 1 0 2 2 0 2 1 0 2 2 0 1 1 0 2 2 0 1 0 0 2 2 0 1 1 0 
0 1 1 0 2 2 0 2 1 0 2 2 0 1 1 0 2 2 0 0 0 0 2 2 0 1 1 0 
0 1 1 0 2 2 0 2 1 0 2 2 0 1 1 0 2 2 0 1 0 0 1 0 0 2 1 0 
0 1 1 0 2 2 0 2 1 0 2 2 0 1 1 0 2 2 0 1 0 0 1 0 0 2 0 0 
0 1 1 0 2 2 0 2 1 0 2 2 0 1 1 0 2 2 0 0 0 0 1 0 0 2 0 0 
0 1 1 0 2 2 0 2 1 0 1 0 0 2 1 0 1 2 0 1 0 0 2 0 0 2 0 0 
0 1 1 0 2 2 0 2 1 0 1 0 0 2 0 0 1 2 0 1 0 0 2 0 0 2 0 0 
0 1 1 0 2 2 0 2 1 0 0 0 0 2 0 0 1 2 0 1 0 0 2 0 0 2 0 0 
0 1 1 0 2 2 0 2 1 0 1 0 0 1 0 0 1 0 0 1 0 0 2 0 0 2 0 0 
0 1 0 0 2 2 0 2 1 0 1 0 0 1 0 0 1 0 0 1 0 0 2 0 0 2 0 0 
0 0 0 0 2 2 0 2 1 0 1 0 0 1 0 0 1 0 0 1 0 0 2 0 0 2 0 0 
0 2 0 0 1 0 0 2 1 0 1 0 0 1 0 0 1 0 0 1 0 0 2 0 0 2 0 0 
0 2 0 0 1 0 0 2 0 0 1 0 0 1 0 0 1 0 0 1 0 0 2 0 0 2 0 0 
0 2 0 0 1 0 0 2 0 0 1 0 0 1 0 0 1 0 0 0 0 0 2 0 0 2 0 0 
0 2 0 0 1 0 0 2 0 0 1 0 0 1 0 0 1 0 0 0 0 0 0 0 0 0 0 0 
0 2 0 0 1 0 0 2 0 0 0 0 0 1 0 0 1 0 0 0 0 0 0 0 0 0 0 0 
0 2 0 0 1 0 0 2 0 0 0 0 0 0 0 0 1 0 0 0 0 0 0 0 0 0 0 0 
0 0 0 0 1 0 0 2 0 1 0 0 0 0 0 0 1 0 0 0 0 0 0 0 0 0 2 0 
0 0 0 0 0 0 0 2 0 1 0 0 0 0 0 0 1 0 0 0 0 0 0 0 0 0 2 0 
0 2 1 0 1 2 1 1 1 2 2 2 0 2 1 0 2 1 0 2 2 0 1 1 0 1 1 0 
0 2 1 0 1 2 0 1 1 2 2 2 0 2 1 0 2 1 0 2 2 0 1 1 0 1 1 0 
0 2 0 0 1 2 0 1 1 2 2 2 0 2 1 0 2 1 0 2 2 0 1 1 0 1 1 0 
0 2 2 0 1 1 0 1 2 0 2 2 0 2 1 0 2 1 2 2 0 0 1 1 0 1 1 0 
0 2 2 0 1 1 0 1 2 0 2 2 0 2 1 0 2 1 2 2 0 0 1 0 0 1 1 0 
0 2 2 0 1 1 0 1 2 0 2 2 0 2 1 0 2 1 2 2 0 0 1 0 0 1 0 0 
0 2 2 0 1 1 0 1 2 0 2 0 0 2 1 0 1 1 2 2 0 0 1 0 0 1 0 2 
0 2 2 0 1 1 0 1 2 0 2 0 0 2 0 0 1 1 2 2 0 0 1 0 0 1 0 2 
0 2 2 0 1 1 0 1 2 0 2 0 0 2 0 0 1 0 2 2 0 0 1 0 0 1 0 2 
0 1 0 0 1 1 0 2 2 0 2 0 0 2 0 0 1 0 2 2 0 0 1 0 2 1 0 1 
0 1 0 0 1 0 0 2 2 0 2 0 0 2 0 0 1 0 2 2 0 0 1 0 2 1 0 1 
0 0 0 0 1 0 0 2 2 0 2 0 0 2 0 0 1 0 2 2 0 0 1 0 2 1 0 1 
0 1 0 0 2 0 0 2 0 0 2 0 0 2 0 0 1 0 2 0 0 0 1 0 0 1 0 1 
0 1 0 0 2 0 0 2 0 0 2 0 0 2 0 0 1 0 2 0 0 0 0 0 0 1 0 1 
0 1 0 0 2 0 0 2 0 0 2 0 0 2 0 0 1 0 2 0 0 0 0 0 0 0 0 1 
