1191
0.18 0 0 2 0 0 1 0 2 2 2 2 2 1 2 2 1 1 2 1 0 1 2 1 2 2 1 2 
0.0324 0 0 2 0 0 1 0 2 2 0 2 2 1 2 2 1 1 2 1 0 1 2 1 2 2 1 2 
0.005832 0 0 0 0 0 1 0 2 2 0 2 2 1 2 2 1 1 2 1 0 1 2 1 2 2 1 2 
0.00104976 0 0 1 0 2 2 0 2 1 0 2 2 0 2 2 0 1 2 1 0 1 2 1 2 2 1 2 
0.000188957 0 0 1 0 2 2 0 2 1 0 2 0 0 2 2 0 1 2 1 0 1 2 1 2 2 1 2 
3.40122e-05 0 0 1 0 2 2 0 2 1 0 2 0 0 2 0 0 1 2 1 0 1 2 1 2 2 1 2 
6.1222e-06 0 2 2 0 2 1 0 1 1 0 2 0 0 2 0 0 1 2 1 0 0 2 1 2 2 1 2 
1.102e-06 0 2 2 0 2 1 0 1 1 0 2 0 0 2 0 0 1 2 1 0 0 2 1 0 2 1 2 
1.98359e-07 0 2 0 0 2 1 0 1 1 0 2 0 0 2 0 0 1 2 1 0 0 2 1 0 2 1 2 
3.57047e-08 0 2 0 0 2 1 0 1 2 0 2 0 0 2 0 0 1 2 2 0 0 2 1 0 1 1 2 
6.42684e-09 0 2 0 0 2 1 0 1 2 0 0 0 0 2 0 0 1 2 2 0 0 2 1 0 1 1 2 
1.15683e-09 0 2 0 0 2 1 0 1 2 0 0 0 0 0 0 0 1 2 2 0 0 2 1 0 1 1 2 
2.0823e-10 0 2 0 0 2 1 0 1 2 0 0 0 0 0 0 0 2 2 2 0 0 2 1 0 1 1 2 
3.74813e-11 0 2 0 0 2 1 0 1 2 0 0 0 0 0 0 0 0 2 2 0 0 2 1 0 1 1 2 
6.74664e-12 0 2 1 0 2 2 0 1 1 0 0 0 0 0 0 0 0 2 2 0 0 2 1 0 1 1 2 
1.2144e-12 0 2 1 0 2 2 0 1 1 0 0 0 0 0 2 0 0 1 2 0 0 2 0 0 1 0 0 
2.18591e-13 0 2 1 0 2 2 0 1 1 0 0 0 0 0 2 0 0 1 0 0 0 2 0 0 1 0 0 
3.93464e-14 0 2 1 0 2 2 0 1 1 0 0 2 0 0 1 0 0 1 0 0 0 2 0 0 1 0 0 
7.08235e-15 0 2 1 0 2 2 0 1 1 0 0 0 0 0 0 0 0 2 0 0 0 2 0 0 1 0 0 
1.27482e-15 0 2 1 0 2 2 0 1 1 0 0 0 0 0 0 0 0 2 0 0 0 0 0 0 1 0 0 
2.29468e-16 0 2 1 0 2 2 0 1 1 0 0 0 0 0 0 0 2 2 0 0 0 0 0 0 1 0 0 
4.13043e-17 0 2 2 0 2 1 0 1 1 0 0 0 0 0 0 0 2 0 0 0 0 0 0 0 0 0 0 
7.43477e-18 0 2 0 0 2 1 0 1 1 0 0 0 0 0 0 0 2 0 0 0 0 0 0 0 0 0 0 
1.33826e-18 0 2 1 0 2 1 0 1 2 0 0 0 0 0 0 0 2 0 0 0 0 0 0 0 0 0 0 
2.40887e-19 0 2 0 0 2 2 0 1 2 0 0 0 0 0 0 0 0 0 0 0 0 0 0 0 0 0 0 
4.33596e-20 0 2 0 0 2 0 0 1 2 0 0 0 0 0 0 0 0 0 0 0 0 0 0 0 0 0 0 
6.74664e-12 0 2 0 0 2 0 0 1 0 0 0 0 0 0 0 0 0 0 0 0 0 0 0 0 0 0 0 
1.2144e-12 0 0 0 0 2 0 0 1 0 0 0 0 0 0 0 0 0 0 0 0 0 0 0 0 0 0 0 
1.98253e-22 0 0 0 0 0 0 0 1 0 0 0 0 0 0 0 0 0 0 0 0 0 0 0 0 0 0 0 
7.51867e-08 0 0 0 0 0 0 0 2 0 0 0 0 0 0 0 0 0 0 0 0 0 0 0 0 0 0 0 
4.46896e-09 0 0 0 0 0 0 0 0 0 0 0 0 0 0 0 0 0 0 0 0 0 0 0 0 0 0 0 
0.18 1 2 2 2 1 2 2 1 2 2 2 1 1 2 1 1 1 2 1 1 2 1 1 1 2 2 1 
0.0324 1 2 2 2 1 2 2 1 2 2 2 1 1 2 1 1 1 2 1 1 0 1 1 1 2 2 1 
0.005832 1 2 0 2 1 2 2 1 2 2 2 1 1 2 1 1 1 2 1 1 0 1 1 1 2 2 1 
0.00104976 1 2 2 2 1 2 2 1 2 2 2 0 1 2 1 1 1 2 1 1 0 1 1 0 2 2 0 
0.000188957 1 2 0 2 1 2 2 1 2 2 2 0 1 2 1 1 1 2 1 1 0 1 1 0 2 2 0 
3.40122e-05 1 2 0 2 1 0 2 1 2 2 2 0 1 2 1 1 1 2 1 1 0 1 1 0 2 2 0 
6.1222e-06 1 2 0 2 1 0 2 1 0 2 2 0 1 2 0 1 1 2 1 0 0 1 0 0 2 2 0 
1.102e-06 1 2 0 2 1 0 2 1 0 2 2 0 1 2 0 1 1 2 1 0 0 1 0 0 2 0 0 
1.98359e-07 1 2 0 2 1 0 2 1 0 2 0 0 1 2 0 1 1 2 1 0 0 1 0 0 2 0 0 
3.57047e-08 1 2 0 2 1 0 2 1 0 2 0 0 1 0 0 1 0 2 0 0 0 0 0 0 2 0 0 
6.42684e-09 1 0 0 2 1 0 2 1 0 2 0 0 1 0 0 1 0 2 0 0 0 0 0 0 2 0 0 
1.15683e-09 1 0 0 2 1 0 2 1 0 2 0 0 1 0 0 1 0 2 0 0 0 0 0 0 0 0 0 
2.0823e-10 0 0 0 2 1 0 2 1 0 0 0 0 0 0 0 0 0 2 0 0 0 0 0 0 0 0 0 
3.74813e-11 0 0 0 0 1 0 2 1 0 0 0 0 0 0 0 0 0 2 0 0 0 0 0 0 0 0 0 
6.74664e-12 0 0 0 0 1 0 0 1 0 0 0 0 0 0 0 0 0 2 0 0 0 0 0 0 0 0 0 
0 1 0 1 1 1 1 2 1 2 0 0 1 0 0 2 0 1 2 0 2 1 0 2 2 1 2 2 
0 1 0 1 1 1 1 2 1 2 0 0 1 0 0 2 0 1 2 0 0 1 0 2 2 1 2 2 
0 1 0 1 1 1 1 2 1 2 0 0 1 0 0 2 0 1 2 0 0 1 0 0 2 1 2 2 
0 1 1 1 1 1 1 2 2 2 0 0 1 0 0 2 0 0 2 0 0 0 1 0 2 1 2 2 
0 1 1 1 1 1 1 2 2 2 0 0 1 0 0 2 0 0 2 0 0 0 1 0 0 1 2 2 
0 1 1 1 1 1 1 2 2 2 0 0 1 0 0 2 0 0 2 0 0 0 1 0 0 1 2 0 
0 1 0 1 1 0 1 2 2 2 0 0 1 0 0 2 2 2 2 0 0 0 1 0 0 1 2 0 
0 1 0 1 1 0 1 2 2 2 0 0 1 0 0 2 0 2 2 0 0 0 1 0 0 1 2 0 
0 1 0 1 1 0 1 2 2 2 0 0 1 0 0 2 0 2 2 1 0 0 1 0 0 1 2 0 
0 0 0 1 2 0 1 2 2 2 0 0 1 0 0 2 0 0 2 1 0 0 1 0 0 1 2 0 
0 0 0 1 0 0 1 2 2 2 0 0 1 0 0 2 0 0 2 1 0 0 1 0 0 1 2 0 
0 0 0 1 0 0 1 0 2 2 0 0 1 0 0 2 0 0 2 1 0 0 1 0 0 1 2 0 
0 0 0 1 0 0 1 0 2 2 0 0 1 0 0 2 0 1 2 0 0 0 1 0 0 1 2 0 
0 0 0 1 0 0 1 0 2 2 0 0 1 0 0 2 0 1 2 1 0 0 1 0 0 1 2 0 
0 0 0 1 0 0 1 0 0 2 0 0 1 0 0 2 0 1 2 1 0 0 1 0 0 1 2 0 
0 0 0 1 0 0 1 0 0 2 0 0 0 0 0 2 0 1 2 0 0 0 0 0 0 1 0 0 
0 0 0 1 0 0 1 0 0 2 0 0 0 0 0 0 0 1 2 0 0 0 0 0 0 1 0 0 
0 0 0 1 0 0 1 0 1 2 0 0 0 0 0 0 0 1 2 0 0 0 0 0 0 1 0 0 
0 0 0 0 0 0 0 0 1 2 0 0 0 0 0 0 0 1 0 0 0 0 0 0 0 0 0 0 
0 0 0 0 0 0 0 0 1 2 0 0 0 0 0 0 0 1 0 0 0 0 0 0 0 2 0 0 
0 0 0 0 0 0 0 0 1 0 0 0 0 0 0 0 0 1 0 0 0 0 0 0 0 2 0 0 
0 2 2 0 1 2 1 1 1 1 1 1 0 2 1 2 1 2 1 2 2 0 1 2 0 1 1 0 
0 2 2 1 1 2 1 1 1 2 1 1 0 2 1 2 1 2 1 2 2 0 1 2 0 1 1 0 
0 2 2 0 1 2 2 1 1 1 1 1 0 2 1 0 1 2 1 2 2 0 1 2 0 1 1 0 
0 2 2 0 1 2 2 1 1 1 1 1 0 2 1 0 1 2 1 0 2 0 1 2 0 1 1 0 
0 2 2 0 1 2 2 1 1 1 1 1 0 2 1 0 1 2 1 1 2 0 1 2 0 2 1 0 
0 2 2 0 1 2 0 1 1 0 1 1 0 2 1 0 1 2 1 1 2 0 2 2 0 2 1 0 
0 2 2 0 1 2 0 1 1 0 1 1 0 2 1 0 1 2 1 1 0 0 2 2 0 2 1 0 
0 2 2 0 1 2 0 1 1 0 1 1 0 2 1 0 1 2 1 1 2 0 2 1 0 2 2 0 
0 2 2 0 1 2 0 1 1 0 2 1 0 1 1 0 2 2 1 1 0 0 2 0 0 2 2 0 
0 2 2 0 1 2 0 1 1 0 0 1 0 1 1 0 2 2 1 1 0 0 2 0 0 2 2 0 
0 2 2 0 1 2 0 1 1 0 1 1 0 2 1 0 2 2 1 1 0 0 2 0 0 2 2 0 
0 2 2 0 1 2 0 1 1 0 1 0 0 2 2 0 2 1 1 1 0 0 2 0 0 2 0 0 
0 0 2 0 1 2 0 1 1 0 1 0 0 2 2 0 2 1 1 1 0 0 2 0 0 2 0 0 
0 1 2 0 1 2 0 1 1 0 1 0 0 2 2 0 2 1 1 1 0 0 2 0 0 2 0 0 
0 1 2 0 1 2 0 2 1 0 1 0 0 2 0 0 2 0 1 1 0 0 2 0 0 2 0 0 
0 1 0 0 1 2 0 2 1 0 1 0 0 2 0 0 2 0 1 1 0 0 2 0 0 2 0 0 
0 1 0 0 1 2 0 2 1 0 1 0 0 2 0 0 2 2 1 1 0 0 2 0 0 2 0 0 
0 1 0 0 1 0 0 2 0 2 1 0 0 2 0 0 2 2 1 0 0 0 2 0 0 2 0 0 
0 1 0 0 1 0 0 2 0 2 1 0 0 2 0 0 2 2 1 0 0 0 0 0 0 2 0 0 
0 1 0 0 1 0 0 2 0 2 1 0 0 2 0 0 2 2 1 0 0 0 2 0 0 1 0 0 
0 1 0 0 1 0 0 2 0 2 0 0 0 2 0 0 2 2 0 0 0 0 0 0 0 0 0 0 
0 1 0 0 1 0 0 2 0 2 0 0 0 0 0 0 2 2 0 0 0 0 0 0 0 0 0 0 
1.58996e-16 1 0 0 1 0 0 2 0 0 0 0 0 0 0 0 2 2 0 0 0 0 0 0 0 0 0 0 
0 0 0 0 0 0 0 2 1 0 0 0 0 0 0 0 0 2 0 0 0 0 0 0 0 0 0 0 
0 0 0 0 0 0 0 0 1 0 0 0 0 0 0 0 0 2 0 0 0 0 0 0 0 0 0 0 
0.18 2 2 0 1 2 0 1 1 2 2 1 0 1 2 0 1 1 2 2 0 0 1 2 0 2 1 1 
0.0324 2 2 0 1 2 0 1 1 2 0 1 0 1 2 0 1 1 2 2 0 0 1 2 0 2 1 1 
0.005832 2 2 0 1 2 0 1 1 2 1 0 0 2 2 0 1 1 2 2 0 0 1 2 0 2 1 1 
0.00104976 2 2 0 1 2 0 1 1 0 1 0 0 2 2 0 1 1 2 2 0 0 1 2 0 2 1 1 
0.000188957 0 2 0 1 2 0 1 1 0 1 0 0 2 2 0 1 1 2 2 0 0 1 2 0 2 1 1 
3.40122e-05 0 2 0 1 2 0 2 1 0 1 0 0 2 2 0 1 1 2 2 0 0 1 2 0 2 1 1 
6.1222e-06 1 2 0 2 2 0 2 1 0 1 0 0 2 2 0 1 1 2 2 0 0 1 2 0 2 1 1 
1.102e-06 1 2 0 2 2 0 2 1 0 1 0 0 2 2 0 1 1 2 0 0 0 1 2 0 2 1 1 
1.98359e-07 1 2 0 2 2 0 2 1 0 0 0 0 2 2 0 1 1 2 0 0 0 0 0 0 2 1 0 
3.57047e-08 1 2 0 2 2 0 2 1 0 0 0 0 2 0 0 1 1 2 0 0 0 0 0 0 2 1 0 
6.42684e-09 1 2 0 2 2 0 2 1 0 0 0 0 0 0 0 1 1 2 0 0 0 0 0 0 2 1 0 
1.15683e-09 0 2 0 2 2 0 2 1 0 0 0 0 0 0 0 0 1 0 0 0 0 0 0 0 2 0 0 
2.0823e-10 0 2 0 0 2 0 2 1 0 0 0 0 0 0 0 0 1 0 0 0 0 0 0 0 2 0 0 
3.74813e-11 0 2 0 0 2 0 0 1 0 0 0 0 0 0 0 0 1 0 0 0 0 0 0 0 2 0 0 
2.18591e-13 0 0 0 0 2 0 0 1 0 0 0 0 0 0 0 0 1 0 0 0 0 0 0 0 0 0 0 
0.18 0 1 0 0 2 0 0 2 0 0 2 1 0 2 1 0 2 2 2 2 0 2 1 2 1 1 2 
0.0324 0 1 0 0 2 0 0 2 0 0 2 1 0 2 1 0 2 2 2 2 0 2 1 0 1 1 2 
0.005832 0 1 0 0 2 0 0 2 0 0 2 1 0 2 1 0 2 2 2 0 0 2 1 0 1 1 2 
0.00104976 0 1 0 0 2 0 0 2 0 0 2 1 0 2 1 0 2 2 2 0 2 2 0 2 1 0 1 
0.000188957 0 1 0 0 2 0 0 2 0 0 0 1 0 2 1 0 2 2 2 0 2 2 0 2 1 0 1 
3.40122e-05 0 1 0 0 2 0 0 2 0 0 0 1 0 0 1 0 2 2 2 0 2 2 0 2 1 0 1 
6.1222e-06 0 1 0 0 2 0 0 2 0 0 2 0 0 1 0 0 1 2 2 0 2 2 0 2 1 0 1 
1.102e-06 0 1 0 0 2 0 0 2 0 0 2 0 0 1 0 0 1 2 2 0 0 2 0 2 1 0 1 
1.98359e-07 0 1 0 0 2 0 0 2 0 0 2 0 0 1 0 0 1 2 2 0 0 2 0 0 1 0 1 
3.57047e-08 0 1 0 0 2 0 0 2 0 0 2 0 0 1 0 0 1 2 2 0 0 2 0 0 1 0 2 
6.42684e-09 0 1 0 0 2 0 0 2 0 0 2 0 0 1 0 0 1 2 2 0 0 2 0 0 1 0 0 
1.15683e-09 0 1 0 0 2 0 0 2 0 0 0 0 0 1 0 0 1 2 2 0 0 2 0 0 1 0 0 
2.0823e-10 0 1 0 0 2 0 0 2 0 0 0 2 0 0 2 0 0 1 2 0 0 2 0 0 1 0 0 
3.74813e-11 0 1 0 0 2 0 0 2 0 0 0 2 0 0 2 0 0 1 0 0 0 2 0 0 1 0 0 
6.74664e-12 0 1 0 0 2 0 0 2 0 0 0 2 0 0 2 0 0 1 0 0 0 0 0 0 1 0 0 
1.2144e-12 0 2 0 0 2 0 0 1 0 0 0 2 0 0 2 0 0 1 0 0 0 0 0 0 0 0 1 
2.18591e-13 0 0 0 0 2 0 0 1 0 0 0 2 0 0 2 0 0 1 0 0 0 0 0 0 0 0 1 
3.93464e-14 0 0 0 0 0 0 0 1 0 0 0 2 0 0 2 0 0 1 0 0 0 0 0 0 0 0 1 
7.08235e-15 0 0 0 0 0 0 0 0 0 0 0 2 0 0 2 0 0 1 0 0 0 0 0 1 0 0 1 
1.27482e-15 0 0 0 0 0 0 0 0 0 0 0 2 0 0 2 0 0 1 0 0 1 0 0 1 0 0 2 
2.29468e-16 0 0 0 0 0 0 0 0 0 0 0 0 0 0 2 0 0 1 0 0 1 0 0 1 0 0 2 
4.13043e-17 0 0 0 0 0 0 0 0 0 0 0 0 0 0 0 0 0 1 0 0 0 0 0 2 0 0 2 
6.42684e-09 0 0 0 0 0 0 0 0 0 0 0 0 0 0 0 0 0 1 0 0 0 0 0 0 0 0 2 
2.02757e-08 0 0 0 0 0 0 0 0 0 0 0 0 0 0 0 0 0 1 0 0 0 0 0 0 0 0 0 
0.18 0 2 1 0 1 1 0 2 2 2 1 1 2 1 1 2 2 1 2 2 2 1 2 2 2 1 2 
0.0324 0 2 1 0 1 1 0 2 2 2 1 1 2 1 1 2 2 1 2 2 0 1 2 2 2 1 2 
0.005832 0 2 0 0 1 2 0 2 2 2 1 1 2 1 1 2 2 1 2 2 0 1 2 0 2 1 2 
0.00104976 0 2 0 0 1 0 0 2 2 2 1 1 2 1 1 2 2 1 2 2 0 1 2 0 2 1 2 
0.000185178 0 2 0 0 1 0 0 2 0 2 1 1 2 1 1 2 2 1 2 2 0 1 2 0 2 1 2 
3.3332e-05 0 2 0 0 1 0 0 2 0 2 1 1 2 1 1 2 2 1 2 0 0 1 2 0 2 1 2 
5.99976e-06 0 2 0 0 1 0 0 2 0 2 1 1 2 1 1 2 2 1 2 0 0 1 0 0 2 1 2 
8.98955e-07 0 2 0 0 1 0 0 2 0 2 1 1 2 1 1 2 2 1 2 0 0 1 0 0 2 2 2 
1.94392e-07 0 2 0 0 1 0 0 2 0 2 1 1 2 1 1 2 2 1 2 0 0 1 0 0 2 0 2 
1.61812e-07 0 2 0 0 1 0 0 2 0 2 0 1 2 2 1 2 2 1 2 0 0 1 0 0 2 0 2 
2.91262e-08 0 2 0 0 1 0 0 2 0 2 0 1 2 0 1 2 2 1 2 0 0 1 0 0 2 0 2 
5.13785e-09 0 2 0 0 1 0 0 2 0 2 0 1 2 0 1 2 0 1 2 0 0 1 0 0 2 0 2 
9.24814e-10 0 2 0 0 1 0 0 2 0 2 0 1 2 0 1 2 0 1 0 0 0 1 0 0 2 0 2 
1.66466e-10 0 0 0 0 1 0 0 2 0 2 0 1 2 0 1 2 0 1 0 0 0 1 0 0 2 0 2 
2.9964e-11 0 2 0 0 1 0 0 1 0 2 0 1 2 0 1 2 0 1 0 0 0 0 0 0 2 0 2 
5.39351e-12 0 0 0 0 1 0 0 1 0 2 0 1 2 0 1 2 0 1 0 0 0 0 0 0 2 0 2 
9.70832e-13 0 1 0 0 1 0 0 2 0 2 0 1 2 0 1 2 0 1 0 0 0 0 0 0 2 0 2 
1.7475e-13 0 0 0 0 2 0 0 2 0 2 0 1 2 0 1 2 0 1 0 0 0 0 0 0 0 0 2 
3.1455e-14 0 0 0 0 0 0 0 2 0 2 0 1 2 0 1 2 0 1 0 0 0 0 0 0 0 0 2 
5.54866e-15 0 0 0 0 0 0 0 0 0 2 0 1 2 0 1 2 0 1 0 0 0 0 0 0 0 0 2 
9.98758e-16 0 0 0 0 0 0 0 0 0 0 0 1 2 0 1 2 0 1 0 0 0 0 0 0 0 0 2 
1.79776e-16 0 0 0 0 0 0 0 0 0 0 0 1 0 0 1 2 0 1 0 0 0 0 0 0 0 0 2 
3.23598e-17 0 0 0 0 0 0 0 0 0 2 0 0 2 0 0 1 0 1 0 0 0 0 0 0 0 0 2 
5.82476e-18 0 0 0 0 0 0 0 0 0 0 0 0 2 0 0 1 0 1 0 0 0 0 0 0 0 0 2 
6.9819e-19 0 0 0 0 0 0 0 0 0 0 0 0 0 0 0 1 0 1 0 0 0 0 0 0 0 0 2 
0.18 2 1 2 1 1 2 2 1 1 2 1 0 1 2 1 1 2 1 2 0 0 1 0 2 2 2 2 
0.0324 0 1 2 1 1 2 2 1 1 2 1 0 1 2 1 1 2 1 2 0 0 1 0 2 2 2 2 
0.005832 1 1 2 2 1 2 2 1 1 2 1 0 1 2 1 1 2 1 2 0 0 1 0 2 2 2 2 
0.00104976 1 1 2 2 1 2 2 2 1 2 0 0 1 2 1 1 2 1 2 0 0 1 0 2 2 0 2 
0.000188957 1 1 2 2 1 2 2 2 1 2 0 0 1 0 1 1 2 1 2 0 0 1 0 2 2 0 2 
3.40122e-05 1 1 2 2 1 2 2 2 1 2 0 0 1 0 1 1 2 1 2 0 0 1 0 0 2 0 2 
6.1222e-06 1 0 2 2 0 2 2 2 1 2 0 0 1 0 0 1 0 1 2 0 0 1 0 0 2 0 2 
1.102e-06 1 0 2 2 0 2 2 0 1 2 0 0 1 0 0 1 0 1 2 0 0 1 0 0 2 0 2 
1.98359e-07 1 0 0 2 0 2 2 0 1 2 0 0 1 0 0 1 0 1 2 0 0 1 0 0 2 0 2 
3.57047e-08 2 0 0 2 0 2 1 0 1 2 0 0 1 0 0 1 0 1 0 0 0 0 0 0 2 0 2 
6.42684e-09 2 0 0 2 0 2 1 0 1 2 0 0 1 0 0 1 0 1 0 0 0 0 0 0 0 0 2 
1.15683e-09 2 0 0 2 0 2 1 0 1 2 0 0 1 0 0 1 0 1 0 0 0 0 0 0 0 0 0 
2.0823e-10 2 0 0 2 0 2 1 0 1 0 0 0 0 0 0 0 0 0 0 0 0 0 0 0 0 0 0 
3.74813e-11 0 0 0 2 0 2 1 0 1 0 0 0 0 0 0 0 0 0 0 0 0 0 0 0 0 0 0 
6.74664e-12 0 0 0 2 0 0 1 0 1 0 0 0 0 0 0 0 0 0 0 0 0 0 0 0 0 0 0 
2.72873e-08 0 0 0 0 0 0 0 2 0 0 0 0 0 0 0 0 0 0 0 0 0 0 0 0 0 2 0 
0 2 2 0 1 1 2 1 2 2 2 0 0 1 0 0 1 0 1 2 2 0 1 1 0 1 2 2 
0 2 2 0 1 1 0 1 2 2 2 0 0 1 0 0 1 0 1 2 2 0 1 1 0 1 2 2 
0 2 2 0 1 1 0 1 2 2 2 0 0 1 0 0 1 0 1 0 2 0 1 1 0 1 2 2 
0 2 2 0 1 1 0 1 2 2 2 0 0 1 0 0 1 2 0 0 2 0 0 1 0 0 2 2 
0 2 2 0 1 1 0 1 2 2 2 0 0 1 0 0 1 2 0 0 2 0 0 1 0 0 2 0 
0 2 2 0 1 1 0 1 2 2 0 0 0 1 0 0 1 2 0 0 2 0 0 1 0 0 2 0 
0 2 2 0 1 1 0 1 2 2 0 0 0 0 0 0 0 2 0 0 0 0 0 0 0 0 2 0 
0 2 2 0 1 1 0 1 2 0 0 0 0 0 0 0 0 2 0 0 0 0 0 0 0 0 2 0 
0 0 2 0 1 1 0 1 2 0 0 0 0 0 0 0 0 2 0 0 0 0 0 0 0 0 2 0 
0 0 0 0 0 0 0 0 2 0 0 0 0 0 0 0 0 2 0 0 0 0 0 0 0 0 2 0 
5.24383e-14 0 0 0 0 0 0 0 0 0 0 0 0 0 0 0 0 0 0 0 0 0 0 0 0 0 2 0 
0 2 1 0 2 1 1 1 2 1 2 2 0 1 1 0 1 1 2 2 0 0 2 0 1 1 1 2 
0 2 1 0 2 1 1 1 2 1 2 0 0 1 1 0 1 1 2 2 0 0 2 0 1 1 1 2 
0 2 1 1 2 1 1 1 2 2 2 0 0 1 1 0 1 1 2 2 0 0 2 0 1 1 1 2 
0 2 1 0 2 1 0 1 2 2 2 0 0 1 1 0 1 1 0 2 0 0 2 0 1 1 0 2 
0 2 1 0 2 1 0 1 2 2 2 0 0 1 1 0 1 1 0 2 0 0 2 0 1 1 2 2 
0 2 1 0 2 1 0 1 2 0 2 0 0 1 1 0 1 1 0 2 0 0 2 0 1 1 2 2 
0 2 1 0 2 1 0 1 2 0 2 0 0 1 0 0 1 0 0 2 0 1 2 0 2 1 0 1 
0 0 1 0 2 1 0 1 2 0 2 0 0 1 0 0 1 0 0 2 0 1 2 0 2 1 0 1 
0 0 1 0 0 1 0 1 2 0 2 0 0 1 0 0 1 0 0 2 0 1 2 0 2 1 0 1 
0 0 0 0 0 0 0 1 2 0 0 0 0 0 0 0 1 0 0 2 0 1 2 0 2 1 0 1 
0 0 0 0 0 0 0 1 2 0 0 0 0 0 0 0 1 0 0 0 0 1 2 0 2 1 0 1 
0 0 0 0 0 0 0 1 2 0 0 0 0 0 0 0 1 0 0 0 0 1 0 0 2 1 0 1 
0 0 0 0 0 0 0 1 2 0 0 0 0 0 0 0 1 0 0 0 0 0 1 0 2 1 0 1 
0 0 0 0 0 0 0 1 2 0 0 0 0 0 0 0 1 0 0 0 0 0 1 0 0 1 0 1 
0 0 0 0 0 0 0 1 2 0 0 0 0 0 0 0 1 0 0 1 0 0 1 0 0 2 0 1 
0 0 0 0 0 0 0 1 0 0 0 0 0 0 0 0 0 0 0 0 0 0 0 0 0 2 0 1 
0 0 0 0 0 0 0 1 0 0 0 0 0 0 0 0 2 0 0 0 0 0 0 0 0 2 0 1 
0 0 0 0 0 0 0 1 0 0 0 0 0 0 0 0 2 0 0 0 0 0 0 0 0 0 0 1 
0.4392 2 2 0 2 1 2 1 1 2 1 1 0 1 2 0 2 2 1 2 2 0 2 1 0 2 1 0 
0.146448 2 2 0 2 1 0 1 1 2 1 1 0 1 2 0 2 2 1 2 2 0 2 1 0 2 1 0 
0.0422237 2 2 0 2 1 0 1 1 0 1 1 0 1 2 0 2 2 1 2 2 0 2 1 0 2 1 0 
0.00835035 2 2 0 2 1 0 1 1 0 1 0 0 1 2 0 2 2 0 2 0 0 2 0 0 2 1 0 
0.00390388 2 2 0 2 1 0 1 1 0 1 0 0 1 0 0 2 2 0 2 0 0 2 0 0 2 1 0 
0.00142515 2 2 0 2 1 0 1 1 0 1 0 0 1 0 0 2 0 0 2 0 0 2 0 0 2 1 0 
0.000469598 2 0 0 2 0 0 1 0 0 1 0 0 1 0 0 2 0 0 2 0 0 2 0 0 2 0 0 
0.000145174 2 0 0 2 0 0 1 0 0 1 0 0 1 0 0 2 0 0 0 0 0 2 0 0 2 0 0 
4.27738e-05 2 0 0 2 0 0 1 0 0 1 0 0 1 0 0 2 0 0 0 0 0 0 0 0 2 0 0 
1.21159e-05 2 0 0 2 0 0 1 0 0 0 0 0 0 0 0 2 0 0 0 0 0 0 0 0 1 0 0 
3.31877e-06 2 0 0 2 0 0 1 0 0 0 0 0 0 0 0 0 0 0 0 0 0 0 0 0 1 0 0 
8.83022e-07 0 0 0 2 0 0 1 0 0 0 0 0 0 0 0 0 0 0 0 0 0 0 0 0 1 0 0 
0.324 2 2 1 2 1 1 1 1 2 1 1 2 1 2 2 2 2 2 2 2 0 2 2 0 2 1 1 
0.08424 2 2 1 2 1 1 1 1 2 1 1 0 1 2 2 2 2 2 2 2 0 2 2 0 2 1 1 
0.0198288 2 2 1 2 1 1 1 1 2 1 1 0 1 2 0 2 2 2 2 2 0 2 2 0 2 1 1 
0.00353332 2 2 0 2 1 0 1 1 2 1 1 0 1 2 0 2 2 0 2 2 0 2 2 0 2 1 0 
0.00139182 2 2 0 2 1 0 1 1 0 1 1 0 1 2 0 2 2 0 2 2 0 2 2 0 2 1 0 
0.000408345 2 2 0 2 1 0 1 1 0 1 1 0 1 2 0 2 2 0 2 0 0 2 2 0 2 1 0 
0.18 2 2 2 2 1 2 1 1 1 1 1 0 1 1 0 2 2 0 2 2 0 2 2 2 2 1 2 
0.0324 2 2 2 2 1 2 1 1 1 1 1 0 1 1 0 2 2 0 2 2 0 2 2 0 2 1 2 
0.005832 2 2 2 2 1 2 1 1 1 1 1 0 1 1 0 2 2 0 2 2 0 2 2 0 2 1 0 
0.00104976 2 2 2 2 1 2 1 1 1 1 1 0 1 2 0 2 2 0 2 2 0 2 2 0 2 1 0 
0.000188957 2 2 0 2 1 2 1 1 1 1 1 0 1 2 0 2 2 0 2 2 0 2 2 0 2 1 0 
3.40122e-05 2 2 0 2 1 0 1 1 1 1 1 0 1 2 0 2 2 0 2 2 0 2 2 0 2 1 0 
0 0 1 0 0 1 0 2 2 2 2 0 1 1 0 2 1 2 2 1 1 1 2 1 2 1 2 1 
0 0 1 0 0 1 0 0 2 2 2 0 1 1 0 2 1 2 2 1 1 1 2 1 2 1 2 1 
0 0 1 0 0 1 0 0 2 2 0 0 1 1 0 2 1 2 2 1 1 1 2 1 2 1 2 1 
0 0 1 0 0 1 2 0 2 1 0 0 0 0 2 2 1 2 2 1 1 1 2 1 2 1 2 1 
0 0 1 0 0 1 2 0 2 1 0 0 0 0 2 0 1 2 2 1 1 1 2 1 2 1 2 1 
0 0 1 0 0 1 2 0 2 1 0 0 0 0 2 0 1 2 0 1 1 1 2 1 2 1 2 1 
0 0 1 2 0 1 1 0 2 2 0 0 0 0 2 0 0 2 0 1 1 2 2 1 1 1 2 2 
0 0 1 2 0 1 1 0 2 2 0 0 0 0 2 0 0 2 0 1 1 0 2 1 1 1 2 2 
0 0 1 0 0 1 1 0 2 2 0 0 0 0 2 0 0 2 0 1 1 0 2 1 1 1 2 2 
0 0 1 2 0 1 1 0 2 2 0 0 0 0 2 0 0 2 0 1 1 0 2 1 0 1 2 2 
0 0 1 2 0 1 1 0 2 2 0 0 0 0 2 0 0 2 0 1 1 0 2 1 0 1 2 0 
0 0 1 0 0 1 1 0 2 2 0 0 0 0 2 0 0 2 0 1 1 0 2 1 0 1 2 0 
0 0 0 1 0 1 2 0 2 1 0 0 0 0 2 0 0 2 0 1 1 0 2 2 0 1 1 0 
0 0 0 1 0 1 2 0 2 1 0 0 0 0 0 0 0 2 0 1 1 0 2 2 0 1 1 0 
0 0 0 1 0 1 2 0 2 1 0 0 0 0 0 0 0 0 0 1 1 0 2 2 0 1 1 0 
0 0 0 0 0 2 2 0 2 1 0 0 0 0 0 0 0 1 0 1 1 0 2 2 0 1 1 0 
0 0 0 0 0 0 2 0 2 1 0 0 0 0 0 0 0 1 0 1 1 0 2 2 0 1 1 0 
0 0 0 0 0 0 2 0 0 1 0 0 0 0 0 0 0 1 0 1 1 0 2 2 0 1 1 0 
0 0 0 2 0 0 1 0 0 1 0 0 0 0 0 0 0 0 0 2 1 0 1 2 0 2 1 0 
0 0 0 2 0 0 1 0 0 1 0 0 0 0 0 0 0 0 0 0 1 0 1 2 0 2 1 0 
0 0 0 0 0 0 1 0 0 1 0 0 0 0 0 0 0 0 0 0 1 0 1 2 0 2 1 0 
0 0 0 1 0 0 2 0 0 2 0 0 0 0 0 0 0 0 0 0 1 0 0 2 0 2 1 0 
0 0 0 1 0 0 2 0 0 2 0 0 0 0 0 0 0 0 0 0 1 0 0 2 0 0 1 0 
0 0 0 1 0 0 2 0 0 2 0 0 0 0 0 0 0 0 0 0 1 0 0 2 0 0 1 2 
0 0 0 2 0 0 2 0 0 2 0 0 0 0 0 0 0 0 0 0 0 0 0 2 0 0 1 0 
0 0 0 2 0 0 2 0 0 2 0 0 0 0 0 0 0 0 0 0 0 0 0 0 0 0 1 0 
0 0 0 0 0 0 2 0 0 2 0 0 0 0 0 0 0 0 0 0 0 0 0 0 0 0 1 0 
1.15683e-09 0 0 2 0 0 2 0 0 1 0 0 0 0 0 0 0 0 0 0 0 0 0 0 0 0 0 0 
1.66584e-10 0 0 0 0 0 2 0 0 1 0 0 0 0 0 0 0 0 0 0 0 0 0 0 0 0 0 0 
3.21963e-12 0 0 0 0 0 0 0 0 1 0 0 0 0 0 0 0 0 0 0 0 0 0 0 0 0 0 0 
4.24135e-14 0 0 0 0 0 0 0 0 2 0 0 0 0 0 0 0 0 0 0 0 0 0 0 0 0 0 0 
0 1 1 2 2 1 1 1 2 2 1 0 0 2 2 0 2 2 0 1 2 0 2 1 0 1 1 1 
0 1 1 2 2 1 1 1 2 2 1 2 0 2 2 0 2 2 0 1 2 0 2 1 0 1 1 1 
0 1 1 2 2 1 1 1 2 2 1 2 0 2 2 0 2 2 0 1 0 0 2 1 0 1 1 1 
0 0 1 2 2 1 1 1 2 2 0 0 0 2 2 0 2 2 0 1 1 0 2 1 0 1 2 1 
0 2 1 2 1 1 1 1 2 2 0 0 0 2 2 0 2 2 0 1 1 0 2 1 0 1 2 1 
0 2 1 2 1 1 1 1 2 2 0 0 0 0 2 0 2 2 0 1 1 0 2 1 0 1 2 1 
0 0 1 2 0 1 1 0 2 2 0 0 0 0 2 0 2 2 0 1 1 0 2 1 0 1 2 0 
0.18 1 0 2 1 2 2 2 1 1 1 0 0 2 2 0 2 1 2 2 0 0 2 2 0 1 1 2 
0.0324 1 0 2 1 0 2 2 1 1 1 0 0 2 2 0 2 1 2 2 0 0 2 2 0 1 1 2 
0.005832 1 0 2 1 0 2 2 0 1 2 0 0 2 2 0 1 1 2 2 0 0 2 0 0 1 1 2 
0.00104976 1 0 2 1 0 2 2 0 1 2 0 0 2 2 0 1 1 2 0 0 0 2 0 0 1 1 2 
0.000188957 1 0 2 1 0 2 2 0 1 2 0 0 2 2 0 1 1 2 0 0 0 0 0 0 1 1 2 
3.40122e-05 1 0 2 2 0 2 2 0 1 2 0 0 2 0 0 1 1 2 0 0 0 0 0 0 0 1 2 
6.1222e-06 1 0 2 2 0 2 2 0 1 0 0 0 2 0 0 1 1 2 0 0 0 0 0 0 0 1 2 
1.102e-06 1 0 2 2 0 2 2 0 1 0 0 0 0 0 0 1 1 2 0 0 0 0 0 0 0 1 2 
1.98359e-07 0 0 2 2 0 2 2 0 1 0 0 0 0 0 0 0 0 2 0 0 0 0 0 0 0 1 0 
3.57047e-08 0 0 2 0 0 2 2 0 1 0 0 0 0 0 0 0 0 2 0 0 0 0 0 0 0 1 0 
6.42684e-09 0 0 2 0 0 2 0 0 1 0 0 0 0 0 0 0 0 2 0 0 0 0 0 0 0 1 0 
3.74813e-11 0 0 2 0 0 1 0 0 1 0 0 0 0 0 0 0 0 0 0 0 0 0 0 0 0 0 0 
4.71401e-09 0 0 0 0 0 0 0 0 0 0 0 0 0 0 0 2 0 0 0 0 0 0 0 0 0 0 0 
0 1 2 0 2 2 2 1 1 1 0 0 0 1 0 0 2 1 0 2 0 0 2 1 0 1 2 1 
0 1 2 0 2 2 2 1 1 1 1 0 0 2 0 0 2 1 0 2 0 0 2 1 0 1 2 1 
0 1 0 0 2 2 2 1 1 1 1 0 0 2 0 0 2 1 0 2 0 0 2 1 0 1 2 1 
0 0 0 0 2 0 2 1 0 1 1 0 0 2 0 0 2 1 0 2 0 0 2 0 0 1 2 1 
0 2 0 0 1 0 2 1 0 1 1 0 0 2 0 0 2 1 0 2 0 0 2 0 0 1 2 1 
0 2 0 0 1 0 2 1 0 1 1 0 0 2 0 0 2 1 0 0 0 0 2 0 0 1 2 1 
0 2 0 0 1 0 2 1 0 1 0 0 0 2 0 0 2 1 0 0 0 0 0 0 0 0 2 0 
0 2 0 0 1 0 2 1 0 1 0 0 0 2 0 0 2 1 0 0 0 0 0 0 0 0 0 0 
0 2 0 0 1 0 2 1 0 1 0 0 0 0 0 0 2 1 0 0 0 0 0 0 0 0 0 0 
0 0 0 0 0 0 2 0 0 1 0 0 0 0 0 0 2 0 0 0 0 0 0 0 0 0 0 0 
0.324 1 1 2 2 1 1 2 2 1 2 2 0 2 1 0 1 2 2 2 0 0 1 2 1 1 1 2 
0.08424 1 1 2 2 1 1 2 2 1 2 2 0 2 1 0 1 2 2 2 0 0 1 0 1 1 1 2 
0.0198288 1 1 2 2 1 1 2 2 1 2 0 0 2 1 0 1 2 2 2 0 0 1 0 1 1 1 2 
0.00440899 1 0 0 2 0 1 2 2 1 2 0 0 2 0 0 1 2 2 2 0 0 1 0 1 1 1 2 
0.000944784 1 0 0 2 0 1 2 0 1 2 0 0 2 0 0 1 2 2 2 0 0 1 0 1 1 1 2 
0.000197271 1 0 0 2 0 1 2 0 1 2 0 0 2 0 0 1 2 2 0 0 0 1 0 1 1 1 2 
4.04065e-05 1 0 0 2 0 1 2 0 1 2 0 0 2 0 0 1 0 2 0 0 0 0 0 0 0 1 2 
8.15477e-06 1 0 0 2 0 1 2 0 1 0 0 0 2 0 0 1 0 2 0 0 0 0 0 0 0 1 2 
1.62655e-06 1 0 0 2 0 1 2 0 1 0 0 0 0 0 0 1 0 2 0 0 0 0 0 0 0 1 2 
3.21342e-07 0 0 0 2 0 0 2 0 1 0 0 0 0 0 0 0 0 0 0 0 0 0 0 0 0 1 2 
6.2983e-08 0 0 0 0 0 0 2 0 1 0 0 0 0 0 0 0 0 0 0 0 0 0 0 0 0 1 2 
6.27835e-09 0 0 0 0 0 0 0 0 1 0 0 0 0 0 0 0 0 0 0 0 0 0 0 0 0 1 2 
0 2 2 0 2 1 0 1 1 0 1 2 0 2 1 0 2 1 1 2 0 0 1 1 0 1 2 1 
0 0 2 0 2 1 0 1 1 0 1 2 0 2 1 0 2 1 1 2 0 0 1 1 0 1 2 1 
0 2 2 0 1 1 0 1 1 0 1 2 0 2 1 0 2 1 1 2 0 0 1 1 0 1 2 1 
0 2 2 0 1 1 0 1 1 0 2 0 0 2 0 0 2 1 1 2 0 0 1 1 0 1 2 1 
0 2 2 0 1 1 0 1 1 0 0 0 0 2 0 0 2 1 1 2 0 0 1 1 0 1 2 1 
0 2 0 0 1 0 0 1 0 0 2 0 0 2 0 0 2 1 1 2 0 0 1 0 0 1 2 1 
0 0 0 0 1 0 0 1 0 0 2 0 0 2 0 0 2 1 1 2 0 0 1 0 0 1 2 1 
0 1 0 0 1 0 0 2 0 0 2 0 0 2 0 0 2 1 1 2 0 0 1 0 0 1 2 1 
0 1 0 0 1 0 0 2 0 0 2 0 0 2 0 0 2 1 1 0 0 0 0 0 0 0 2 0 
0 1 0 0 1 0 0 2 0 0 0 0 0 2 0 0 2 1 1 0 0 0 0 0 0 0 2 0 
0 1 0 0 1 0 0 2 0 0 0 0 0 2 0 0 2 1 1 0 0 0 0 0 0 0 0 0 
0 0 0 0 0 0 0 2 0 0 0 0 0 0 0 0 2 0 1 0 0 0 0 0 0 0 0 0 
0 0 0 0 0 0 0 0 0 0 0 0 0 0 0 0 2 0 1 0 0 0 0 0 0 0 0 0 
8.77858e-08 0 0 0 0 0 0 0 2 2 0 0 0 0 0 0 0 0 0 0 0 0 0 0 0 0 0 0 
0 1 1 0 2 2 0 1 1 2 2 2 0 2 1 0 2 1 0 2 2 0 1 1 2 1 2 1 
0 1 1 0 2 2 0 1 1 2 2 2 0 2 1 0 2 1 0 2 0 0 1 1 2 1 2 1 
0 1 1 0 2 2 0 1 1 2 2 2 0 2 1 0 2 1 0 2 1 0 1 2 2 1 2 1 
0 1 2 0 2 1 0 1 2 0 2 2 0 2 1 0 2 1 0 2 0 0 1 2 2 1 2 1 
0 1 2 0 2 1 0 1 2 0 2 0 0 2 1 0 2 1 0 2 0 0 1 2 2 1 2 1 
0 1 2 0 2 1 0 1 2 0 2 1 0 2 1 0 2 2 0 2 0 0 1 2 2 1 2 1 
0 1 2 0 2 1 0 1 2 0 2 0 0 2 2 0 2 1 0 2 0 0 1 0 2 1 2 1 
0 1 2 0 2 1 0 1 2 0 2 0 0 2 0 0 2 1 0 2 0 0 1 0 2 1 2 1 
0 1 2 0 2 1 0 1 2 0 2 0 0 2 0 0 2 1 0 2 0 0 1 0 0 1 2 1 
0 2 0 0 1 0 0 1 2 0 2 0 0 2 0 0 2 1 0 2 0 0 1 0 0 1 2 1 
0 0 0 0 1 0 0 1 2 0 2 0 0 2 0 0 2 1 0 2 0 0 1 0 0 1 2 1 
0 1 0 0 1 0 0 2 2 0 2 0 0 2 0 0 2 1 0 2 0 0 1 0 0 1 2 1 
0 1 0 0 1 0 0 2 2 0 2 0 0 2 0 0 2 1 0 0 0 0 0 0 0 0 2 0 
0 1 0 0 1 0 0 2 2 0 0 0 0 2 0 0 2 1 0 0 0 0 0 0 0 0 2 0 
0 1 0 0 1 0 0 2 2 0 0 0 0 2 0 0 2 1 0 0 0 0 0 0 0 0 0 0 
0 0 0 0 0 0 0 2 2 0 0 0 0 0 0 0 2 0 0 0 0 0 0 0 0 0 0 0 
0 0 0 0 0 0 0 0 2 0 0 0 0 0 0 0 2 0 0 0 0 0 0 0 0 0 0 0 
0 2 1 0 2 2 0 2 1 2 1 2 0 1 1 1 1 2 1 1 0 0 2 0 0 2 0 1 
0 0 1 0 2 2 0 2 1 2 1 2 0 1 1 1 1 2 1 1 0 0 2 0 0 2 0 1 
0 2 0 0 2 2 0 2 1 2 1 0 0 1 0 1 1 2 1 1 0 0 2 0 0 2 0 0 
0 0 0 0 2 2 0 2 1 2 1 0 0 1 0 1 1 2 1 1 0 0 2 0 0 2 0 0 
0 2 0 0 2 2 0 1 1 2 1 0 0 1 0 1 1 2 1 1 0 0 2 0 0 2 0 0 
0 2 0 0 2 0 0 1 0 2 1 0 0 1 0 0 1 2 1 0 0 0 2 0 0 2 0 0 
0 2 0 0 2 0 0 1 0 2 1 0 0 1 0 0 1 2 1 0 0 0 0 0 0 2 0 0 
0 2 0 0 2 0 0 1 0 0 1 0 0 1 0 0 1 2 1 0 0 0 0 0 0 2 0 0 
0 2 0 0 2 0 0 1 0 0 0 0 0 1 0 0 1 2 1 0 0 0 0 0 0 0 0 0 
0 0 0 0 2 0 0 1 0 0 0 0 0 1 0 0 1 2 1 0 0 0 0 0 0 0 0 0 
0 0 0 0 2 0 0 1 0 0 0 0 0 1 0 0 1 0 1 0 0 0 0 0 0 0 0 0 
1.50978e-19 0 0 0 0 0 0 0 0 0 0 0 0 0 0 0 1 2 1 0 0 0 0 0 0 0 0 2 
0.749005 0 2 2 0 1 2 0 2 2 0 2 1 0 2 2 0 1 1 2 1 1 1 2 1 1 1 2 
0.456672 0 2 2 0 1 2 0 2 2 0 2 1 0 2 2 0 1 1 0 1 1 1 2 1 1 1 2 
0.234884 0 0 2 0 1 2 0 2 2 0 2 1 0 2 2 0 1 1 0 1 1 1 2 1 1 1 2 
0.105723 0 0 2 0 1 2 0 2 2 0 2 0 0 2 2 0 1 1 1 2 1 1 1 1 2 1 2 
0.0428433 0 0 2 0 1 2 0 2 2 0 2 0 0 2 0 0 1 1 1 2 1 1 1 1 2 1 2 
0.015962 0 0 2 0 1 2 0 2 2 0 2 0 0 2 0 0 1 1 1 0 1 1 1 1 2 1 2 
0.00555299 0 0 2 0 1 2 0 2 2 0 2 0 0 2 0 0 1 0 1 1 1 1 2 1 2 1 2 
0.00182507 0 0 2 0 1 2 0 2 2 0 0 0 0 2 0 0 1 0 1 1 1 1 2 1 2 1 2 
0.000571809 0 0 2 0 1 2 0 2 2 0 0 0 0 0 0 0 1 0 1 1 1 1 2 1 2 1 2 
0.000171986 0 1 2 0 2 2 0 2 2 0 0 0 0 0 0 0 0 0 1 1 1 1 2 1 2 1 2 
4.99385e-05 0 1 0 0 2 2 0 2 2 0 0 0 0 0 0 0 0 0 1 1 1 1 2 1 2 1 2 
1.40619e-05 0 1 0 0 2 0 0 2 2 0 0 0 0 0 0 0 0 0 1 1 1 1 2 1 2 1 2 
3.85419e-06 0 1 0 0 2 0 0 2 2 0 0 0 0 0 0 0 1 0 1 1 0 1 2 2 2 1 2 
1.03142e-06 0 1 0 0 2 0 0 2 2 0 0 0 0 0 0 0 1 0 1 1 0 1 2 0 2 1 2 
2.70189e-07 0 1 0 0 2 0 0 2 2 0 0 0 0 0 0 0 1 0 1 1 0 1 2 0 2 1 0 
6.94358e-08 0 2 0 0 2 0 0 1 2 0 0 0 0 0 0 0 1 0 1 1 0 1 2 0 2 1 0 
1.75384e-08 0 0 0 0 2 0 0 1 2 0 0 0 0 0 0 0 1 0 1 1 0 1 2 0 2 1 0 
4.36096e-09 0 2 0 0 1 0 0 2 2 0 0 0 0 0 0 0 1 0 1 1 0 1 2 0 2 1 0 
1.06897e-09 0 2 0 0 1 0 0 2 0 0 0 0 0 0 0 0 1 2 0 1 0 0 2 0 2 1 0 
2.58625e-10 0 2 0 0 1 0 0 2 0 0 0 0 0 0 0 0 1 2 0 1 0 0 2 0 0 1 0 
6.18236e-11 0 0 0 0 1 0 0 2 0 0 0 0 0 0 0 0 1 2 0 1 0 0 2 0 0 1 0 
1.4616e-11 0 2 0 0 2 0 0 1 0 0 0 0 0 0 0 0 0 2 0 1 0 0 2 0 0 1 0 
1.08888e-05 0 2 0 0 2 0 0 1 0 0 0 0 0 0 0 0 0 0 0 1 0 0 2 0 0 1 0 
2.99526e-06 0 0 0 0 2 0 0 1 0 0 0 0 0 0 0 0 0 0 0 1 0 0 2 0 0 1 0 
2.87152e-07 0 0 0 0 0 0 0 1 0 0 0 0 0 0 0 0 0 0 0 0 0 0 2 0 0 1 0 
2.30206e-11 0 0 0 0 0 0 0 1 0 0 0 0 0 0 0 0 0 0 0 0 0 0 0 0 0 1 0 
1.34849e-14 0 0 0 0 0 0 0 1 0 0 0 0 0 0 0 0 0 2 0 0 0 0 0 0 0 1 0 
0 2 0 0 1 2 0 1 1 0 1 0 0 2 0 0 2 0 0 2 0 0 2 0 0 1 1 1 
0 2 0 0 1 0 0 1 1 0 1 0 0 2 0 0 2 0 0 2 0 0 2 0 0 1 1 1 
0 2 0 0 1 0 0 1 1 0 1 0 0 2 0 0 2 0 0 0 0 0 2 0 0 1 1 1 
0 2 0 0 1 0 0 1 1 0 0 0 0 2 0 0 2 0 0 0 0 0 0 0 0 0 1 0 
0 2 0 0 1 0 0 1 1 0 0 0 0 0 0 0 2 0 0 0 0 0 0 0 0 0 1 0 
0 2 0 0 1 0 0 1 1 0 0 0 0 0 0 0 0 0 0 0 0 0 0 0 0 0 1 0 
0 0 0 0 0 0 0 2 1 0 0 0 0 0 0 0 0 0 0 0 0 0 0 0 0 0 1 0 
0.332035 1 2 1 1 2 1 2 1 2 2 2 2 2 2 2 1 1 1 1 1 0 1 2 0 2 1 2 
0.17143 1 2 1 1 2 1 2 1 2 2 2 2 2 2 2 1 1 1 1 1 0 1 2 0 2 1 0 
0.0740235 1 2 1 1 2 1 2 1 2 2 2 0 2 2 2 1 1 1 1 1 0 1 2 0 2 1 0 
0.0280948 1 2 0 1 2 0 2 1 2 2 2 0 2 2 0 1 1 0 1 1 0 1 2 0 2 1 0 
0.00968212 1 2 0 1 2 0 2 1 0 2 2 0 2 2 0 1 1 0 1 1 0 1 2 0 2 1 0 
0.00309676 1 2 0 1 2 0 2 1 0 2 0 0 2 2 0 1 1 0 1 1 0 1 2 0 2 1 0 
0.000746742 1 2 0 1 2 0 2 1 0 2 0 0 2 0 0 1 0 0 0 1 0 0 2 0 2 1 0 
0.000348893 1 2 0 1 2 0 2 1 0 2 0 0 2 0 0 1 0 0 0 1 0 0 2 0 0 1 0 
0.000121988 1 2 0 1 2 0 2 1 0 0 0 0 2 0 0 1 0 0 0 1 0 0 2 0 0 1 0 
3.77495e-05 0 2 0 0 2 0 2 1 0 0 0 0 0 0 0 0 0 0 0 1 0 0 2 0 0 1 0 
3.52441e-08 0 0 0 0 0 0 0 1 2 0 0 0 0 0 0 0 0 0 0 0 0 0 0 0 0 1 0 
7.24328e-08 0 0 0 0 0 0 0 1 2 0 0 0 0 0 0 0 0 0 0 0 0 0 2 0 0 1 0 
0 2 1 2 2 2 1 2 2 1 1 2 0 1 1 2 1 1 2 1 1 0 1 2 0 2 1 0 
0 2 1 2 2 2 1 2 2 1 1 2 0 1 1 0 1 1 2 1 1 0 1 2 0 2 1 0 
0 2 1 2 2 2 1 2 2 1 1 2 0 1 1 0 1 1 0 1 1 0 1 2 0 2 1 0 
0 2 0 2 2 2 1 2 2 1 1 0 0 1 0 0 1 1 0 0 1 0 1 2 0 2 1 0 
0 2 0 2 2 2 1 2 2 1 1 0 0 1 0 0 1 1 0 1 1 0 2 2 0 1 1 0 
0 2 0 2 2 0 1 2 2 1 1 0 0 1 0 0 1 1 0 1 1 0 2 2 0 1 1 0 
0 2 0 2 2 0 1 2 0 1 0 0 0 0 0 0 0 1 0 1 1 0 2 2 0 1 1 0 
0 0 0 2 2 0 1 2 0 1 0 0 0 0 0 0 0 1 0 1 1 0 2 2 0 1 1 0 
0 0 0 2 0 0 1 2 0 1 0 0 0 0 0 0 0 1 0 1 1 0 2 2 0 1 1 0 
0 0 0 0 0 0 2 0 1 2 0 0 0 0 0 0 0 0 0 0 0 0 0 2 0 0 1 0 
0 0 1 1 0 2 1 1 2 1 2 1 0 2 1 2 2 2 1 2 1 0 2 2 0 2 1 0 
0 0 1 1 0 2 1 1 2 1 2 1 0 2 1 0 2 2 1 2 1 0 2 2 0 2 1 0 
0 0 1 1 0 2 1 1 2 1 2 1 0 2 1 0 2 2 1 0 1 0 2 2 0 2 1 0 
0 0 1 1 0 2 1 1 2 1 2 1 0 2 2 0 2 2 0 2 1 0 2 2 0 1 1 0 
0 0 1 1 0 2 1 1 2 1 0 1 0 2 2 0 2 2 0 2 1 0 2 2 0 1 1 0 
0 0 1 1 0 2 1 1 2 1 0 1 0 0 2 0 2 2 0 2 1 0 2 2 0 1 1 0 
0 0 0 1 0 2 1 1 2 1 2 0 0 2 2 0 1 2 0 2 1 0 2 2 0 1 1 0 
0 0 0 1 0 2 1 1 2 1 2 0 0 2 0 0 1 2 0 2 1 0 2 2 0 1 1 0 
0 0 0 1 0 2 1 1 2 1 2 0 0 2 0 0 1 0 0 2 1 0 2 2 0 1 1 0 
0 0 2 0 1 2 0 1 1 1 2 0 0 2 0 0 1 0 0 2 1 0 2 2 0 1 1 0 
0 0 2 0 1 2 0 1 1 1 2 0 0 2 0 0 1 0 0 0 1 0 2 2 0 1 1 0 
0 0 2 0 1 2 0 1 1 1 2 0 0 2 0 0 1 0 0 0 1 0 0 2 0 1 1 0 
0 1 2 0 1 1 0 1 1 0 0 1 1 0 1 2 2 1 1 2 0 0 2 0 0 2 2 0 
0 1 2 0 1 1 0 1 1 0 0 1 1 2 1 2 2 1 1 2 0 0 2 0 0 2 2 0 
0 1 2 0 1 1 0 1 1 0 0 1 1 2 1 2 2 1 1 0 0 0 2 0 0 2 2 0 
0 0 2 0 1 1 0 1 1 0 2 0 1 2 1 2 2 1 1 0 0 0 0 0 0 2 2 0 
0 0 2 0 1 1 0 1 1 0 2 0 1 2 1 2 2 1 1 0 0 0 0 0 0 0 2 0 
0 1 2 0 1 1 0 2 1 0 2 0 1 2 1 2 2 1 1 0 0 0 0 0 0 0 2 0 
0 0 0 0 0 0 0 2 1 0 2 0 1 2 1 2 2 1 1 0 0 0 0 0 0 0 2 0 
0 0 0 0 0 0 0 2 1 0 2 0 1 2 1 2 2 1 1 0 0 0 0 0 0 2 2 0 
0 0 0 0 0 0 0 0 1 0 2 0 1 2 1 2 2 1 1 0 0 0 0 0 0 2 2 0 
0 0 0 0 0 0 0 0 0 0 2 1 0 2 1 2 2 1 1 0 0 0 0 0 0 0 2 0 
0 0 0 0 0 0 0 0 0 0 2 1 0 2 1 0 2 1 1 0 0 0 0 0 0 0 2 0 
0 0 0 0 0 0 0 0 0 0 0 1 0 2 1 0 2 1 1 0 0 0 0 0 0 0 2 0 
0 0 0 0 0 0 0 2 0 0 0 0 0 0 0 0 2 1 1 0 0 0 0 0 0 0 2 0 
0 0 0 0 0 0 0 0 0 0 0 0 0 0 0 0 2 1 1 0 0 0 0 0 0 0 2 0 
0 0 0 0 0 0 0 0 0 0 0 0 0 0 0 0 0 1 1 0 0 0 0 0 0 0 2 0 
0 0 1 1 2 2 1 2 1 2 0 1 1 0 1 1 2 1 2 0 0 2 0 0 1 0 2 1 
0 0 1 1 0 2 1 2 1 2 0 1 1 0 1 1 2 1 2 0 0 2 0 0 1 0 2 1 
0 0 1 1 0 2 1 0 1 2 0 1 1 0 1 1 2 1 2 0 0 2 0 0 1 0 2 1 
0 0 1 0 0 2 0 0 1 2 0 1 1 2 1 1 2 1 2 0 0 2 0 2 1 0 2 1 
0 0 1 0 0 2 0 0 1 0 0 1 1 2 1 1 2 1 2 0 0 2 0 2 1 0 2 1 
0 0 1 0 0 2 0 0 1 0 2 1 1 2 1 1 2 1 2 0 0 2 0 2 1 0 2 1 
0 0 1 0 0 2 0 0 1 0 2 1 0 2 1 1 2 1 2 0 0 0 0 2 0 0 2 0 
0 0 1 0 0 2 0 0 1 0 2 1 0 2 1 1 2 1 2 0 0 0 0 0 0 0 2 0 
0 0 1 0 0 2 0 0 1 0 2 1 0 2 1 1 2 1 2 0 0 0 0 0 0 0 0 0 
0 0 0 0 0 2 0 0 1 0 2 0 1 2 1 2 2 1 1 0 0 0 0 0 0 2 0 0 
0 0 0 0 0 0 0 0 1 0 2 0 1 2 1 2 2 1 1 0 0 0 0 0 0 2 0 0 
0 1 1 2 1 2 2 1 1 1 1 2 1 2 2 1 1 1 2 0 1 0 2 1 1 2 2 1 
0 1 1 2 1 2 2 1 1 1 1 2 1 2 2 1 1 1 2 0 1 0 0 1 1 2 2 1 
0 1 1 2 1 2 2 1 1 1 1 2 1 2 2 1 1 1 2 0 1 0 0 1 1 0 2 1 
0 1 2 2 1 1 2 1 2 1 0 2 1 2 2 1 1 1 2 0 1 1 0 1 1 0 2 2 
0 1 2 2 1 1 2 1 2 1 0 2 1 0 2 1 1 1 2 0 1 1 0 1 1 0 2 2 
0 1 0 2 1 1 2 1 2 1 0 2 1 0 2 1 1 1 2 0 1 1 0 1 1 0 2 2 
0 1 0 2 1 2 2 1 2 1 0 2 1 0 2 1 2 1 2 0 1 1 0 1 1 0 2 2 
0 1 0 2 1 0 2 1 2 1 0 2 1 0 2 1 2 1 2 0 1 1 0 1 1 0 2 2 
0 1 0 2 1 0 2 1 0 1 0 2 1 0 2 1 2 1 2 0 1 1 0 1 1 0 2 2 
0 1 0 2 1 0 2 2 0 1 0 2 1 2 2 1 2 1 2 0 1 0 0 1 1 0 2 2 
0 1 0 2 1 0 2 2 0 1 0 2 1 0 2 1 2 1 2 0 1 0 0 1 1 0 2 2 
0 1 0 2 1 0 2 2 0 1 0 2 1 0 2 1 0 1 2 0 1 0 0 1 1 0 2 2 
0 0 0 2 2 0 2 2 0 1 0 2 1 0 2 1 0 1 2 0 1 1 0 1 2 0 2 2 
0 0 0 2 0 0 2 2 0 1 0 2 1 0 2 1 0 1 2 0 1 1 0 1 2 0 2 2 
0 0 0 2 0 0 2 0 0 1 0 2 1 0 2 1 0 1 2 0 1 1 0 1 2 0 2 2 
0 0 0 2 0 0 2 0 0 1 0 2 1 0 2 1 0 1 2 0 1 2 0 1 2 0 2 1 
0 0 0 2 0 0 2 0 0 1 0 2 1 0 2 1 0 1 2 0 1 0 0 1 2 0 2 1 
0 0 0 2 0 0 2 0 0 1 0 2 1 0 2 1 0 1 2 0 1 2 0 1 1 0 2 1 
0 0 0 2 0 0 2 0 0 1 0 2 0 0 2 0 0 1 2 0 1 0 0 1 0 0 2 1 
0 0 0 2 0 0 2 0 0 1 0 2 0 0 2 0 0 1 0 0 1 0 0 1 0 0 2 1 
0 0 0 0 0 0 2 0 0 1 0 2 0 0 2 0 0 1 0 0 1 0 0 1 0 0 2 1 
0 0 0 0 0 0 0 0 0 0 0 2 0 0 2 0 0 1 0 0 0 0 0 0 0 0 2 1 
0 0 0 0 0 0 0 0 0 0 0 2 0 0 2 0 0 1 0 0 0 0 0 0 0 0 0 1 
0 0 0 0 0 0 0 0 0 0 0 0 0 0 2 0 0 1 0 0 0 0 0 0 0 0 0 1 
0 2 0 2 1 0 2 1 1 1 1 2 0 1 2 0 2 1 1 0 0 0 0 1 0 2 1 1 
0 2 0 2 1 0 2 1 1 1 1 2 0 1 2 0 2 1 1 0 1 0 0 1 0 2 2 1 
0 2 0 2 1 0 2 1 1 1 0 2 0 0 2 0 2 1 0 0 1 0 0 1 0 0 2 1 
0 2 0 2 1 0 2 1 1 1 0 2 0 0 2 0 0 1 0 0 1 0 0 1 0 0 2 1 
0 2 0 0 1 0 2 1 1 1 0 2 0 0 2 0 0 1 0 0 1 0 0 1 0 0 2 1 
0 0 0 0 0 0 2 0 2 1 0 2 0 0 2 0 0 1 0 0 1 0 0 1 0 0 2 1 
0 1 1 0 1 1 0 2 2 0 1 2 0 1 2 2 2 1 1 1 0 0 1 2 0 2 2 0 
0 1 1 0 1 1 0 2 2 0 1 2 0 1 2 2 2 1 1 1 0 0 1 0 0 2 2 0 
0 1 1 0 1 1 0 2 2 0 1 0 0 1 2 2 2 1 1 1 0 0 1 0 0 2 2 0 
0 1 0 0 1 2 0 2 2 0 1 0 0 1 2 0 2 1 1 1 0 0 1 0 0 2 2 0 
0 1 0 0 1 0 0 2 2 0 1 0 0 1 2 0 2 1 1 1 0 0 1 0 0 2 2 0 
0 1 0 0 1 0 0 2 0 0 1 0 0 1 2 0 2 1 1 1 0 0 1 0 0 2 2 0 
0 1 0 0 1 0 0 2 2 0 1 0 0 1 2 0 2 1 1 0 0 0 2 0 0 2 2 0 
0 1 0 0 1 0 0 2 2 0 1 0 0 1 2 0 2 1 1 0 0 0 0 0 0 2 2 0 
0 1 0 0 1 0 0 2 2 0 1 0 0 1 2 0 2 1 1 0 0 0 0 0 0 0 2 0 
0 1 0 0 1 0 0 2 2 0 0 0 0 2 2 0 2 1 1 0 0 0 0 0 0 0 0 0 
0 1 0 0 1 0 0 2 2 0 0 0 0 0 2 0 2 1 1 0 0 0 0 0 0 0 0 0 
0 1 0 0 1 0 0 2 2 0 0 0 0 0 2 0 0 1 1 0 0 0 0 0 0 0 0 0 
0 0 0 0 2 0 0 2 2 0 0 0 0 0 0 0 0 1 1 0 0 0 0 0 0 0 0 0 
0 0 0 0 0 0 0 2 2 0 0 0 0 0 0 0 0 1 1 0 0 0 0 0 0 0 0 0 
0 0 0 0 0 0 0 0 2 0 0 0 0 0 0 0 0 1 1 0 0 0 0 0 0 0 0 0 
0 1 1 0 1 2 0 2 1 0 1 0 0 2 0 2 2 0 1 2 2 0 2 2 0 1 1 0 
0 1 1 0 1 2 0 2 1 0 1 0 0 2 0 2 2 0 1 0 2 0 2 2 0 1 1 0 
0 1 1 0 1 2 0 2 1 0 1 0 0 2 0 0 2 0 1 0 2 0 2 2 0 1 1 0 
0 1 1 0 1 2 0 2 1 0 0 0 0 2 0 0 2 0 0 0 2 0 0 2 0 0 1 0 
0 1 1 0 1 2 0 2 1 0 0 0 0 0 0 0 2 0 0 0 2 0 0 2 0 0 1 0 
0 1 1 0 1 2 0 2 1 0 0 0 0 0 0 0 2 0 0 0 0 0 0 2 0 0 1 0 
0 0 0 0 0 2 0 2 1 0 0 0 0 0 0 0 0 0 0 0 0 0 0 2 0 0 1 0 
0 0 0 0 0 2 0 0 1 0 0 0 0 0 0 0 0 0 0 0 0 0 0 2 0 0 1 0 
0 0 2 0 1 2 2 2 2 1 2 1 0 1 1 0 1 1 2 1 2 0 1 1 0 2 2 1 
0 1 2 0 2 2 2 2 2 1 2 1 0 1 1 0 1 1 2 1 2 0 1 1 0 2 2 1 
0 1 2 0 2 2 0 2 2 1 2 1 0 1 1 0 1 1 2 1 2 0 1 1 0 2 2 1 
0 1 2 0 2 2 0 2 2 1 2 0 0 1 1 0 1 1 2 1 0 0 1 0 0 2 2 0 
0 1 2 0 2 2 0 2 2 1 2 0 0 1 1 0 1 1 0 1 0 0 1 0 0 2 2 0 
0 1 0 0 2 2 0 2 2 1 2 0 0 1 1 0 1 1 0 1 0 0 1 0 0 2 2 0 
0 1 0 0 2 0 0 2 2 0 2 0 0 1 1 0 1 1 0 0 0 0 0 0 0 2 2 0 
0 1 0 0 2 0 0 2 2 0 2 0 0 1 1 0 1 1 0 0 0 0 0 0 0 2 0 0 
0 1 0 0 2 0 0 2 2 0 2 0 0 1 1 0 1 1 0 0 0 0 0 0 0 0 0 0 
0 0 0 0 2 0 0 2 2 0 0 0 0 0 0 0 1 1 0 0 0 0 0 0 0 0 0 0 
0 0 0 0 2 0 0 2 0 0 0 0 0 0 0 0 1 1 0 0 0 0 0 0 0 0 0 0 
0 0 0 0 0 0 0 2 0 0 0 0 0 0 0 0 1 1 0 0 0 0 0 0 0 0 0 0 
0 1 2 0 2 2 2 2 2 1 2 1 0 1 1 0 1 1 0 1 2 0 1 1 0 2 2 1 
0 0 2 1 0 2 1 0 2 1 0 2 0 0 1 1 1 1 2 1 2 2 1 2 2 2 1 1 
0 0 2 1 0 2 1 0 2 1 0 2 1 0 1 2 1 1 2 1 2 2 1 2 2 2 1 1 
0 0 2 1 0 2 1 0 2 1 0 2 1 0 1 2 1 1 2 1 2 0 1 2 2 2 1 1 
0 0 2 1 0 2 1 0 2 1 0 2 2 0 1 2 0 1 2 1 2 0 1 2 0 2 1 1 
0 0 2 1 0 2 1 0 2 1 0 2 0 0 1 2 0 1 2 1 2 0 1 2 0 2 1 1 
0 0 2 0 0 2 0 0 2 1 0 2 2 0 1 2 0 1 1 1 2 0 1 2 0 2 1 1 
0 0 2 0 0 2 0 0 2 1 0 2 0 0 1 2 0 1 1 1 2 0 1 2 0 2 1 1 
0 0 2 0 0 2 0 0 2 1 0 2 0 0 1 0 0 1 1 1 2 0 1 2 0 2 1 1 
0 0 2 0 0 2 0 0 2 0 0 2 0 0 1 1 0 1 1 1 2 0 1 2 0 2 1 1 
0 0 2 0 0 2 0 0 2 0 0 2 1 0 1 1 0 1 2 1 2 0 1 2 0 2 1 1 
0 0 2 0 0 2 0 0 2 0 0 2 1 0 1 1 0 1 2 1 0 0 1 2 0 2 1 1 
0 0 2 0 0 2 0 0 2 0 0 2 0 0 1 2 0 1 2 1 0 0 1 0 0 2 1 1 
0 0 2 0 0 2 0 0 2 0 0 2 0 0 1 0 0 1 2 1 0 0 1 0 0 2 1 1 
0 0 2 0 0 2 0 0 2 0 0 2 0 0 1 0 0 1 0 1 0 0 1 0 0 2 1 1 
0 0 2 0 0 2 0 0 2 0 0 2 0 0 1 0 0 1 2 1 0 0 1 0 0 2 0 1 
0 0 2 0 0 2 0 0 2 0 0 2 0 0 1 0 0 1 0 1 0 0 1 0 0 2 0 1 
0 0 2 0 0 2 0 0 2 0 0 0 0 0 1 0 0 1 0 1 0 0 1 0 0 2 0 1 
0 0 2 0 0 2 0 0 2 0 0 0 0 0 0 1 0 0 1 1 0 0 1 0 0 2 0 1 
0 0 2 0 0 2 0 0 2 0 0 0 1 0 0 1 0 0 2 1 0 0 1 0 0 2 0 1 
0 0 0 0 0 2 0 0 2 0 0 0 1 0 0 1 0 0 2 1 0 0 1 0 0 2 0 1 
0 0 0 0 0 0 0 0 2 0 0 0 0 0 0 2 0 0 2 1 0 0 1 0 0 2 0 1 
0 0 0 0 0 0 0 0 2 0 0 0 0 0 0 0 0 0 2 1 0 0 1 0 0 2 0 1 
0 0 0 0 0 0 0 0 0 0 0 0 2 0 0 2 0 0 1 0 0 0 0 0 0 2 0 1 
0 0 0 0 0 0 0 0 0 0 0 0 0 0 0 2 0 0 1 0 0 0 0 0 0 2 0 1 
0 0 0 0 0 0 0 0 0 0 0 0 0 0 0 0 0 0 1 0 0 0 0 0 0 2 0 1 
0 0 0 0 0 0 0 0 0 0 0 0 0 0 0 0 0 0 2 0 0 0 0 0 0 2 0 1 
0 0 0 0 0 0 0 0 0 0 0 0 0 0 0 0 0 0 0 0 0 0 0 0 0 2 0 1 
0 1 2 0 2 2 0 1 1 0 1 2 1 2 2 2 1 2 2 1 1 0 2 1 1 2 1 1 
0 1 0 0 2 2 0 1 1 0 1 2 1 2 2 2 1 2 2 1 1 0 2 1 1 2 1 1 
0 1 2 0 2 1 0 1 2 0 1 2 1 2 2 2 1 2 2 1 1 0 2 1 1 2 1 1 
0 1 2 0 2 1 0 1 2 0 2 0 1 1 2 2 2 2 2 1 0 0 2 1 1 2 1 1 
0 1 2 0 2 1 0 1 2 0 0 0 1 1 2 2 2 2 2 1 0 0 2 1 1 2 1 1 
0 1 2 0 2 1 0 1 2 0 1 0 1 2 2 2 2 2 2 1 0 0 2 1 1 2 1 1 
0 1 2 0 2 1 0 1 2 0 2 0 1 2 0 2 1 2 2 1 0 0 2 0 1 2 1 1 
0 1 2 0 2 1 0 1 2 0 0 0 1 2 0 2 1 2 2 1 0 0 2 0 1 2 1 1 
0 1 2 0 2 1 0 1 2 0 2 0 1 1 0 2 2 2 2 1 0 0 2 0 1 2 1 1 
0 2 0 0 1 0 0 2 2 0 2 0 1 1 0 2 2 2 2 1 0 0 2 0 1 2 1 1 
0 2 0 0 1 0 0 2 0 0 2 0 1 1 0 2 2 2 2 1 0 0 2 0 1 2 1 1 
0 2 0 0 1 0 0 2 0 0 2 0 1 1 0 2 2 0 2 1 0 0 2 0 1 2 1 1 
0 2 0 0 1 0 0 2 0 0 0 0 0 0 0 2 2 0 2 1 0 0 2 0 0 2 1 1 
0 2 0 0 1 0 0 2 0 0 0 0 0 0 0 2 0 0 2 1 0 0 2 0 0 2 1 1 
0 2 0 0 1 0 0 2 0 0 0 0 0 0 0 0 0 0 2 1 0 0 2 0 0 2 1 1 
0 0 0 0 2 0 0 2 0 0 0 0 0 0 0 0 0 0 2 0 0 0 2 0 0 2 1 1 
0 0 0 0 0 0 0 2 0 0 0 0 0 0 0 0 0 0 2 0 0 0 2 0 0 2 1 1 
0 0 0 0 2 0 0 1 0 0 0 0 0 0 0 0 0 0 2 0 0 0 2 0 0 2 1 1 
0 0 0 0 0 0 0 2 0 0 0 0 0 0 0 0 0 0 2 0 0 0 2 0 0 2 0 1 
0 0 0 0 0 0 0 0 0 0 0 0 0 0 0 0 0 0 2 0 0 0 2 0 0 2 0 1 
0 2 2 0 1 1 0 2 2 0 1 1 1 2 1 2 2 1 1 2 1 0 2 2 0 1 1 0 
0 0 2 0 1 1 0 2 2 0 1 1 1 2 1 2 2 1 1 2 1 0 2 2 0 1 1 0 
0 1 2 0 2 1 0 2 2 0 1 1 1 2 1 2 2 1 1 2 1 0 2 2 0 1 1 0 
0 1 0 0 2 0 0 2 2 0 1 0 1 2 0 2 2 1 1 2 1 0 2 2 0 1 1 0 
0 1 0 0 2 0 0 2 2 0 1 0 1 2 0 2 2 1 1 0 1 0 2 2 0 1 1 0 
0 1 0 0 2 0 0 2 0 0 1 0 1 2 0 2 2 1 1 0 1 0 2 2 0 1 1 0 
0 2 0 0 2 0 0 1 0 0 1 0 1 2 0 2 2 1 1 0 1 0 0 2 0 0 1 0 
0 0 0 0 2 0 0 1 0 0 1 0 1 2 0 2 2 1 1 0 1 0 0 2 0 0 1 0 
0 2 0 0 1 0 0 2 0 0 1 0 1 2 0 2 2 1 1 0 1 0 0 2 0 0 1 0 
0 1 0 0 2 0 0 2 0 0 0 0 0 2 0 2 2 1 1 0 1 0 0 2 0 0 1 0 
0 1 0 0 2 0 0 2 0 0 0 0 0 0 0 2 2 1 1 0 1 0 0 2 0 0 1 0 
0 1 0 0 2 0 0 2 0 0 0 0 0 0 0 0 2 1 1 0 1 0 0 2 0 0 1 0 
0 0 0 0 2 0 0 2 0 0 0 0 0 0 0 0 0 1 0 0 0 0 0 2 0 0 1 0 
0 0 0 0 0 0 0 2 0 0 0 0 0 0 0 0 0 1 0 0 0 0 0 2 0 0 1 0 
0 0 0 0 0 0 0 2 0 0 0 0 0 0 0 0 0 1 0 0 0 0 0 0 0 0 1 0 
0 1 0 0 2 2 0 2 2 0 1 0 0 2 0 2 2 1 1 2 1 0 1 2 0 1 1 0 
0 1 0 0 2 0 0 2 2 0 1 0 0 2 0 2 2 1 1 2 1 0 1 2 0 1 1 0 
0 1 0 0 2 0 0 2 0 0 1 0 0 2 0 2 2 1 1 2 1 0 1 2 0 1 1 0 
0.822691 2 1 2 2 1 2 2 1 1 1 2 0 1 2 0 1 2 0 2 1 0 2 1 0 1 2 1 
0.587349 2 1 0 2 1 2 2 1 1 1 2 0 1 2 0 1 2 0 2 1 0 2 1 0 1 2 1 
0.363296 2 1 0 2 1 0 2 1 1 1 2 0 1 2 0 1 2 0 2 0 0 2 0 0 1 2 0 
0.198018 2 1 0 2 1 0 2 1 1 1 0 0 1 2 0 1 2 0 2 0 0 2 0 0 1 2 0 
0.0969784 2 1 0 2 1 0 2 1 1 1 0 0 1 0 0 1 2 0 2 0 0 2 0 0 1 2 0 
0.0434123 2 0 0 2 0 0 2 0 1 1 0 0 1 0 0 1 0 0 2 0 0 2 0 0 1 2 0 
0.0180143 2 0 0 2 0 0 2 0 1 1 0 0 1 0 0 1 0 0 2 0 0 2 0 0 1 0 0 
0.00700807 2 0 0 2 0 0 2 0 1 1 0 0 1 0 0 1 0 0 0 0 0 2 0 0 1 0 0 
0.00257931 2 0 0 2 0 0 2 0 1 0 0 0 0 0 0 0 0 0 0 0 0 0 0 0 1 0 0 
0.00090476 0 0 0 2 0 0 2 0 1 0 0 0 0 0 0 0 0 0 0 0 0 0 0 0 1 0 0 
0.000304301 0 0 0 0 0 0 2 0 1 0 0 0 0 0 0 0 0 0 0 0 0 0 0 0 1 0 0 
0.53136 1 0 1 1 1 2 2 2 2 1 0 2 1 0 1 2 2 1 0 0 1 0 0 2 2 1 2 
0.212803 1 1 1 1 2 2 2 1 2 1 0 2 1 0 1 2 2 1 0 0 1 0 0 2 2 1 2 
0.0720835 1 1 1 1 2 2 2 1 2 0 0 2 0 0 1 2 2 1 0 0 1 0 0 2 0 0 2 
0.021877 1 1 1 1 2 2 2 1 2 0 0 2 0 0 1 2 2 1 0 0 1 0 0 2 1 0 2 
0.00614488 1 1 1 1 2 2 2 1 2 0 0 2 0 0 1 0 2 1 0 0 1 0 0 2 1 0 2 
0.00162959 1 0 1 1 2 2 2 1 2 0 0 2 0 0 1 0 0 1 0 0 1 0 0 2 1 0 2 
0.00041342 1 0 1 1 0 2 2 1 2 0 0 2 0 0 1 0 0 1 0 0 1 0 0 2 1 0 2 
0.000101251 1 0 1 1 0 2 2 1 2 0 0 2 0 0 1 2 0 1 0 0 1 0 0 2 1 0 2 
2.40967e-05 0 0 1 2 0 2 2 1 2 0 0 2 0 0 1 0 0 1 0 0 1 0 0 2 1 0 2 
5.59992e-06 0 0 1 0 0 2 2 1 2 0 0 2 0 0 1 0 0 1 0 0 1 0 0 2 1 0 2 
1.27555e-06 0 0 1 0 0 2 0 1 2 0 0 2 0 0 1 0 0 1 0 0 1 0 0 2 1 0 2 
2.85608e-07 0 0 1 0 0 2 2 1 2 0 0 2 0 0 1 0 0 1 0 0 0 0 0 2 1 0 2 
6.30103e-08 0 0 1 0 0 2 2 1 2 0 0 2 0 0 1 0 0 1 0 0 0 0 0 0 1 0 2 
1.37227e-08 0 0 1 0 0 2 2 1 2 0 0 2 0 0 1 0 0 1 0 0 0 0 0 0 1 0 0 
2.95476e-09 0 0 0 0 0 2 2 1 2 0 0 0 0 0 0 0 0 0 0 0 0 0 0 0 1 0 0 
6.29824e-10 0 0 0 0 0 0 2 1 2 0 0 0 0 0 0 0 0 0 0 0 0 0 0 0 1 0 0 
1.33045e-10 0 0 0 0 0 0 2 1 0 0 0 0 0 0 0 0 0 0 0 0 0 0 0 0 1 0 0 
0.18 1 2 2 1 1 1 2 2 1 2 1 0 2 2 2 1 1 2 1 2 0 1 1 0 2 2 0 
0.0324 1 2 2 1 1 1 2 2 1 2 1 0 2 2 0 1 1 2 1 2 0 1 1 0 2 2 0 
0.005832 1 2 2 1 1 1 2 2 1 2 1 0 2 2 2 1 1 1 1 2 0 1 1 0 2 2 0 
0.00104976 1 2 2 1 1 1 2 2 1 2 1 0 2 2 0 1 1 0 1 2 0 1 1 0 2 2 0 
0.000188957 1 2 2 1 1 1 2 2 1 2 1 0 2 2 0 1 1 0 1 0 0 1 1 0 2 2 0 
3.40122e-05 1 2 2 1 1 1 2 2 1 2 1 0 2 2 0 1 1 0 1 1 0 1 2 0 2 2 0 
5.09612e-06 1 2 0 1 1 0 2 2 2 2 1 0 2 2 0 1 1 0 1 1 0 1 2 0 2 2 0 
1.102e-06 1 2 0 1 1 0 2 2 0 2 1 0 2 2 0 1 1 0 1 1 0 1 2 0 2 2 0 
9.17302e-07 1 2 0 1 1 0 2 2 0 2 2 0 2 1 0 1 1 0 1 0 0 1 2 0 2 2 0 
1.65114e-07 1 2 0 1 1 0 2 2 0 2 2 0 2 1 0 1 1 0 1 0 0 1 0 0 2 2 0 
2.97206e-08 1 2 0 1 1 0 2 2 0 2 2 0 2 1 0 1 1 0 1 0 0 1 2 0 2 1 0 
5.3497e-09 1 2 0 1 1 0 2 2 0 2 2 0 2 1 0 1 1 0 1 0 0 1 0 0 2 0 0 
9.62946e-10 1 0 0 1 1 0 2 2 0 2 2 0 2 1 0 1 1 0 1 0 0 1 0 0 2 0 0 
1.7333e-10 1 1 0 1 2 0 2 2 0 2 2 0 2 1 0 1 1 0 1 0 0 1 0 0 2 0 0 
2.59704e-11 1 1 0 1 2 0 2 2 0 2 0 0 2 0 0 1 2 0 1 0 0 1 0 0 2 0 0 
5.6159e-12 1 1 0 1 2 0 2 2 0 2 0 0 2 0 0 1 0 0 1 0 0 1 0 0 2 0 0 
4.67468e-12 1 0 0 1 2 0 2 2 0 2 0 0 2 0 0 1 0 0 1 0 0 2 0 0 1 0 0 
8.41442e-13 1 0 0 1 0 0 2 2 0 2 0 0 2 0 0 1 0 0 1 0 0 2 0 0 1 0 0 
1.5146e-13 1 0 0 1 2 0 2 1 0 2 0 0 2 0 0 1 0 0 1 0 0 2 0 0 1 0 0 
2.72627e-14 1 0 0 1 0 0 2 0 0 2 0 0 2 0 0 1 2 0 0 0 0 2 0 0 1 0 0 
4.90729e-15 1 0 0 1 0 0 2 0 0 0 0 0 2 0 0 1 2 0 0 0 0 2 0 0 1 0 0 
8.83312e-16 1 0 0 1 0 0 2 0 0 0 0 0 2 0 0 1 2 0 0 0 0 0 0 0 1 0 0 
2.86193e-17 1 0 0 1 0 0 2 0 0 0 0 0 0 0 0 2 0 0 0 0 0 0 0 0 0 0 0 
5.15148e-18 1 0 0 1 0 0 2 0 0 0 0 0 0 0 0 2 0 2 0 0 0 0 0 0 0 0 0 
9.27266e-19 0 0 0 0 0 0 2 0 0 0 0 0 0 0 2 0 0 1 0 0 0 0 0 0 0 0 0 
4.45785e-08 0 0 0 0 0 0 0 0 0 0 0 0 0 0 2 0 0 1 0 0 0 0 0 0 0 0 0 
0.324 2 1 0 1 2 0 1 1 2 1 2 0 2 1 2 1 2 1 2 0 0 1 2 0 2 1 2 
0.0324 2 1 0 1 2 0 1 1 0 1 2 0 2 1 2 1 2 1 2 0 0 1 2 0 2 1 2 
0.0151632 2 1 0 1 2 0 1 1 0 1 2 0 2 1 2 1 2 1 2 0 0 1 0 0 2 1 2 
0.00356918 2 0 0 1 2 0 1 1 0 1 0 0 2 0 2 1 2 1 2 0 0 1 0 0 2 0 2 
0.000188957 2 0 0 1 2 0 1 1 0 1 0 0 2 0 2 1 0 1 2 0 0 1 0 0 2 0 2 
0.000142851 2 0 0 1 0 0 1 1 0 1 0 0 2 0 2 1 0 1 2 0 0 1 0 0 2 0 2 
3.0611e-05 2 0 0 1 0 0 1 0 0 0 0 0 2 0 2 1 0 1 0 0 0 0 0 0 2 0 2 
1.102e-06 2 0 0 1 0 0 1 0 0 0 0 0 2 0 2 1 0 1 0 0 0 0 0 0 0 0 2 
1.15048e-06 2 0 0 1 0 0 1 0 0 0 0 0 0 0 2 1 0 1 0 0 0 0 0 0 0 0 2 
1.85884e-07 0 0 0 0 0 0 0 0 0 0 0 0 0 0 2 0 0 1 0 0 0 0 0 0 0 0 2 
0.18 2 1 2 1 1 2 2 1 1 1 2 0 1 2 0 1 2 0 2 1 0 2 1 0 2 2 0 
0.0324 2 1 0 1 1 2 2 1 1 1 2 0 1 2 0 1 2 0 2 1 0 2 1 0 2 2 0 
0.005832 2 1 0 1 1 0 2 1 1 1 2 0 1 2 0 1 2 0 2 1 0 2 1 0 2 2 0 
0.00104976 2 1 0 1 1 0 2 1 2 1 2 0 1 2 0 1 2 0 2 1 0 2 1 0 2 2 0 
0.000188957 2 1 0 1 1 0 2 1 0 1 2 0 1 2 0 1 2 0 2 1 0 2 1 0 2 2 0 
3.40122e-05 2 1 0 1 1 0 2 1 0 1 0 0 1 2 0 1 2 0 2 1 0 2 1 0 2 2 0 
6.1222e-06 2 1 0 1 1 0 2 1 0 1 2 0 1 2 0 1 1 0 2 0 0 2 2 0 2 2 0 
1.102e-06 2 1 0 1 1 0 2 1 0 1 2 0 1 2 0 1 1 0 2 0 0 2 0 0 2 2 0 
1.98359e-07 2 1 0 1 1 0 2 1 0 1 2 0 1 2 0 1 1 0 2 0 0 2 0 0 2 0 0 
3.57047e-08 2 1 0 1 1 0 2 2 0 1 2 0 1 2 0 1 1 0 2 0 0 2 0 0 2 0 0 
6.42684e-09 2 1 0 1 1 0 2 2 0 1 0 0 1 2 0 1 1 0 2 0 0 2 0 0 2 0 0 
1.15683e-09 2 1 0 1 1 0 2 2 0 1 0 0 1 0 0 1 1 0 2 0 0 2 0 0 2 0 0 
2.0823e-10 2 1 0 1 1 0 2 2 0 1 0 0 1 0 0 1 2 0 2 0 0 2 0 0 2 0 0 
3.74813e-11 2 1 0 1 1 0 2 2 0 1 0 0 1 0 0 1 0 0 2 0 0 2 0 0 2 0 0 
6.74664e-12 2 1 0 1 1 0 2 2 0 1 0 0 1 0 0 1 0 0 0 0 0 2 0 0 2 0 0 
1.2144e-12 2 0 0 1 2 0 2 2 0 1 0 0 1 0 0 1 0 0 2 0 0 2 0 0 1 0 0 
2.18591e-13 2 0 0 1 0 0 2 2 0 1 0 0 1 0 0 1 0 0 2 0 0 2 0 0 1 0 0 
3.93464e-14 2 0 0 1 0 0 2 0 0 1 0 0 1 0 0 1 0 0 2 0 0 2 0 0 1 0 0 
7.08235e-15 2 0 0 1 0 0 2 0 0 1 0 0 1 0 0 2 0 0 2 0 0 2 0 0 1 0 0 
1.27482e-15 2 0 0 1 0 0 2 0 0 1 0 0 1 0 0 2 0 0 0 0 0 2 0 0 1 0 0 
2.29468e-16 2 0 0 1 0 0 2 0 0 1 0 0 1 0 0 2 0 0 0 0 0 0 0 0 1 0 0 
4.13043e-17 2 0 0 1 0 0 2 0 0 1 0 0 1 0 0 2 0 0 0 0 0 0 0 0 2 0 0 
7.43477e-18 2 0 0 1 0 0 2 0 0 1 0 0 1 0 0 2 0 0 0 0 0 0 0 0 0 0 0 
1.33826e-18 0 0 0 1 0 0 2 0 0 1 0 0 1 0 0 2 0 0 0 0 0 0 0 0 0 0 0 
2.40887e-19 1 0 0 2 0 0 2 0 0 0 0 0 2 0 0 2 0 0 0 0 0 0 0 0 0 0 0 
4.33596e-20 1 0 0 2 0 0 2 0 0 0 0 0 0 0 0 2 0 0 0 0 0 0 0 0 0 0 0 
7.80473e-21 1 0 0 2 0 0 2 0 0 0 0 0 0 0 0 0 0 0 0 0 0 0 0 0 0 0 0 
1.40485e-21 0 0 0 2 0 0 2 0 0 0 0 0 0 0 0 1 0 0 0 0 0 0 0 0 0 0 0 
2.52873e-22 0 0 0 0 0 0 2 0 0 0 0 0 0 0 0 1 0 0 0 0 0 0 0 0 0 0 0 
1.57625e-07 0 0 0 0 0 0 0 0 0 0 0 0 0 0 0 1 0 0 0 0 0 0 0 0 0 0 0 
0.05832 2 1 0 1 2 0 1 1 2 1 2 0 2 1 2 1 2 1 2 0 0 1 0 0 2 1 2 
0.000642453 2 0 0 1 0 0 1 1 0 1 0 0 2 0 2 1 2 1 2 0 0 1 0 0 2 0 2 
5.50998e-06 2 0 0 1 0 0 1 0 0 0 0 0 0 0 2 1 0 1 0 0 0 0 0 0 2 0 2 
0 2 2 0 1 2 0 1 1 0 2 0 0 1 0 0 1 0 0 0 0 0 1 0 0 1 0 0 
0 2 2 0 1 2 0 1 1 0 2 0 0 1 0 0 1 0 0 1 0 0 1 0 0 2 0 0 
0 2 0 0 1 2 0 1 1 0 2 0 0 1 0 0 1 0 0 1 0 0 1 0 0 2 0 0 
0 2 0 0 1 0 0 1 0 0 2 0 0 1 0 0 1 0 0 1 0 0 1 0 0 2 0 0 
0 2 0 0 1 0 0 1 2 0 2 0 0 1 0 0 1 0 0 1 0 0 1 0 0 2 0 0 
0 2 0 0 1 0 0 1 0 0 1 0 0 1 0 0 2 0 0 0 0 0 0 0 0 2 0 0 
0 2 0 0 1 0 0 1 0 0 1 0 0 1 0 0 2 0 0 0 0 0 2 0 0 2 0 0 
0 2 0 0 1 0 0 1 0 0 0 0 0 0 0 0 2 0 2 0 0 0 0 0 0 0 0 0 
0 2 0 0 1 0 0 1 0 0 0 0 0 0 0 2 2 0 2 0 0 0 0 0 0 0 0 0 
0 2 0 0 1 0 0 1 0 0 0 0 0 0 0 2 0 0 2 0 0 0 0 0 0 0 0 0 
0 0 0 0 0 0 0 0 0 0 0 0 2 0 0 2 0 0 1 0 0 0 0 0 0 0 0 0 
0 1 2 0 2 1 0 1 1 0 0 2 0 0 1 0 0 1 0 0 2 0 2 1 0 1 2 1 
0 1 2 0 2 1 0 1 1 0 0 2 0 0 1 0 0 1 0 0 0 0 2 1 0 1 2 1 
0 1 0 0 2 1 0 1 1 0 0 2 0 0 1 0 0 1 0 0 0 0 2 1 0 1 2 1 
0 1 1 0 2 2 0 1 2 0 0 2 0 0 1 0 0 1 0 0 0 0 2 0 0 1 2 1 
0 1 1 0 2 2 0 1 2 0 0 2 0 0 1 0 0 1 0 0 0 0 2 0 0 1 0 1 
0 1 1 0 2 2 0 1 2 0 0 0 0 0 1 0 0 1 0 0 0 0 2 0 0 1 0 1 
0 0 0 0 2 2 0 1 2 0 0 1 0 0 1 0 0 2 0 2 0 0 1 0 0 1 0 1 
0 0 0 0 2 0 0 1 2 0 0 1 0 0 1 0 0 2 0 2 0 0 1 0 0 1 0 1 
0 0 0 0 2 0 0 1 0 0 0 1 0 0 1 0 0 2 0 2 0 0 1 0 0 1 0 1 
0 2 0 0 1 0 0 2 0 0 0 0 0 0 2 0 0 2 0 2 0 0 1 0 0 1 0 1 
0 2 0 0 1 0 0 2 0 0 0 0 0 0 0 0 0 2 0 2 0 0 1 0 0 1 0 1 
0 2 0 0 1 0 0 2 0 0 0 0 0 0 0 0 0 0 0 2 0 0 1 0 0 1 0 1 
0 2 0 0 1 0 0 2 0 0 0 0 0 0 0 0 0 0 2 2 0 0 1 0 0 1 0 0 
0 0 0 0 1 0 0 2 0 0 0 0 0 0 0 0 0 0 2 2 0 0 1 0 0 1 0 0 
0 0 0 0 1 0 0 2 0 0 0 0 0 0 0 0 0 0 2 0 0 0 1 0 0 1 0 0 
0 0 0 0 0 0 0 2 0 0 0 0 0 0 0 0 0 0 2 1 0 0 1 0 0 2 0 0 
0 0 0 0 0 0 0 0 0 0 0 0 0 0 0 0 0 0 2 1 0 0 1 0 0 2 0 0 
0 0 0 0 0 0 0 0 0 1 0 0 0 0 0 0 0 0 2 1 0 0 1 0 0 2 0 0 
0 0 0 0 0 0 0 0 0 1 0 0 0 0 0 0 0 0 0 0 0 0 2 0 0 2 0 0 
0 0 0 0 0 0 0 0 0 1 0 0 0 0 0 0 0 0 0 0 0 0 0 0 0 2 0 0 
0 2 2 0 2 2 1 1 1 1 1 0 0 1 0 0 2 1 0 1 0 0 2 0 0 2 0 0 
0 2 0 0 2 2 1 1 1 1 1 0 0 1 0 0 2 1 0 1 0 0 2 0 0 2 0 0 
0 2 2 0 2 1 1 1 1 1 1 0 0 1 0 0 2 1 0 1 0 0 2 0 0 2 0 0 
0 2 0 0 2 0 1 1 0 1 1 0 0 1 0 0 2 1 0 0 0 0 2 0 0 2 0 0 
0 2 0 0 2 0 1 1 0 1 1 0 0 1 0 0 2 1 0 2 0 0 2 0 0 2 0 0 
0 2 0 0 2 0 1 1 0 1 0 0 0 0 0 0 2 0 0 0 0 0 0 0 0 2 0 0 
0 2 0 0 2 0 1 1 0 1 0 0 0 0 0 0 0 0 0 0 0 0 0 0 0 2 0 0 
0 0 0 0 2 0 1 1 0 1 0 0 0 0 0 0 0 0 0 0 0 0 0 0 0 2 0 0 
0 1 2 2 1 2 2 1 1 2 2 2 0 2 1 0 2 1 0 1 2 0 1 2 0 1 1 0 
0 1 2 0 1 2 2 1 1 2 2 2 0 2 1 0 2 1 0 1 2 0 1 2 0 1 1 0 
0 1 2 0 1 2 2 1 1 2 2 2 0 2 1 0 2 1 0 1 0 0 1 2 0 1 1 0 
0 1 2 0 1 2 2 1 1 2 2 0 0 2 0 0 2 2 0 1 0 0 1 2 0 1 1 0 
0 1 2 0 1 2 2 1 1 2 2 0 0 2 0 0 2 0 0 1 0 0 1 2 0 1 1 0 
0 1 0 0 1 2 2 1 1 2 2 0 0 2 0 0 2 0 0 1 0 0 1 2 0 1 1 0 
0 1 0 0 1 2 0 1 1 2 2 0 0 2 0 0 2 0 0 0 0 0 0 2 0 0 1 0 
0 1 0 0 1 2 0 1 1 2 0 0 0 2 0 0 2 0 0 0 0 0 0 2 0 0 1 0 
0 1 0 0 1 2 0 1 1 2 0 0 0 0 0 0 2 0 0 0 0 0 0 2 0 0 1 0 
0 0 0 0 0 2 0 0 1 2 0 0 0 0 0 0 0 0 0 0 0 0 0 2 0 0 1 0 
0 2 1 2 1 2 1 1 1 2 2 2 0 2 1 0 1 1 0 1 1 0 2 2 0 1 2 0 
0 2 1 2 1 2 1 1 1 2 2 0 0 2 1 0 1 1 0 1 1 0 2 2 0 1 2 0 
0 2 1 2 1 2 1 1 1 2 2 1 0 2 1 0 1 2 0 1 1 0 2 2 0 1 2 0 
0 2 1 0 1 2 0 1 1 2 2 0 0 2 1 0 1 2 0 1 0 0 2 2 0 1 2 0 
0 2 1 0 1 2 0 1 1 2 2 1 0 2 2 0 1 2 0 1 0 0 2 2 0 1 2 0 
0 2 1 0 1 2 0 1 1 2 2 1 0 2 2 0 1 2 0 1 0 0 2 0 0 1 2 0 
0 2 2 0 1 1 0 1 2 2 2 0 0 2 2 0 1 2 0 1 0 0 2 0 0 1 0 0 
0 2 2 0 1 1 0 1 2 2 2 0 0 2 0 0 1 2 0 1 0 0 2 0 0 1 0 0 
0 2 2 0 1 1 0 1 2 2 2 0 0 2 0 0 1 0 0 1 0 0 2 0 0 1 0 0 
0 2 0 0 1 0 0 1 2 2 2 0 0 2 0 0 1 0 0 2 0 0 1 0 0 1 0 0 
0 2 0 0 1 0 0 1 0 2 2 0 0 2 0 0 1 0 0 2 0 0 1 0 0 1 0 0 
0 2 0 0 1 0 0 1 0 2 2 0 0 2 0 0 1 0 0 0 0 0 1 0 0 1 0 0 
0 2 0 0 1 0 0 1 0 2 2 0 0 1 0 0 1 0 0 0 0 0 0 0 0 0 0 0 
0 2 0 0 1 0 0 1 0 2 0 0 0 1 0 0 1 0 0 0 0 0 0 0 0 0 0 0 
0 0 0 0 1 0 0 1 0 2 0 0 0 1 0 0 1 0 0 0 0 0 0 0 0 0 0 0 
0 0 0 0 0 0 0 2 0 2 0 0 0 0 0 0 1 0 0 0 0 0 0 0 0 0 0 0 
0 0 0 0 0 0 0 0 0 2 0 0 0 0 0 0 1 0 0 0 0 0 0 0 0 0 0 0 
0.66407 2 2 2 1 2 1 1 1 1 2 2 2 2 1 1 2 2 2 0 2 0 0 1 0 1 2 1 
0.342859 2 2 2 1 2 1 1 1 1 2 0 2 2 1 1 2 2 2 0 2 0 0 1 0 1 2 1 
0.148047 2 2 2 1 2 1 1 1 1 2 0 0 2 1 1 2 2 2 0 2 0 0 1 0 1 2 1 
0.0561895 2 2 2 1 2 1 1 1 1 2 0 2 2 0 1 2 2 2 0 2 0 0 1 0 1 2 1 
0.0193642 2 2 2 1 2 1 1 1 1 2 0 2 2 0 1 2 0 2 0 2 0 0 1 0 1 2 1 
0.00619352 2 2 2 1 2 1 1 1 1 2 0 2 2 0 1 2 0 2 0 0 0 0 1 0 1 2 1 
0.00186686 2 2 2 1 2 1 1 1 1 2 0 2 2 0 1 2 0 2 0 2 0 0 2 0 0 1 1 
0.000536199 2 2 2 1 2 1 1 1 1 2 0 2 2 0 1 2 0 2 0 0 0 0 2 0 0 1 1 
0.000143619 2 2 2 1 2 1 1 1 1 2 0 2 2 0 1 2 0 2 0 0 0 0 0 0 0 1 1 
3.83513e-05 0 2 2 1 2 1 1 1 1 2 0 2 2 0 1 2 0 2 0 0 0 0 0 0 0 1 1 
9.94934e-06 0 2 2 1 2 1 1 1 1 2 0 0 2 0 1 2 0 2 0 0 0 0 0 0 0 1 1 
2.51751e-06 0 2 2 0 2 1 1 1 1 2 0 2 2 0 1 2 0 2 0 0 0 0 0 0 0 1 1 
6.23299e-07 0 2 2 0 2 1 1 1 1 2 0 0 2 0 1 2 0 2 0 0 0 0 0 0 0 1 1 
1.51393e-07 0 0 2 0 2 1 1 1 1 2 0 0 2 0 1 2 0 2 0 0 0 0 0 0 0 1 1 
3.61532e-08 0 2 2 0 1 1 0 2 1 2 0 1 2 0 2 2 0 1 0 0 0 0 0 0 0 0 1 
8.50365e-09 0 2 0 0 1 1 0 2 1 2 0 1 2 0 2 2 0 1 0 0 0 0 0 0 0 0 1 
1.97312e-09 0 0 0 0 1 1 0 2 1 2 0 1 2 0 2 2 0 1 0 0 0 0 0 0 0 0 1 
4.52237e-10 0 0 0 0 2 1 0 2 1 2 0 2 2 0 1 2 0 1 0 0 0 0 0 0 0 0 1 
1.02502e-10 0 0 0 0 2 1 0 2 1 2 0 0 2 0 1 2 0 1 0 0 0 0 0 0 0 0 1 
2.29978e-11 0 0 0 0 2 1 0 2 1 0 0 0 2 0 1 2 0 1 0 0 0 0 0 0 0 0 1 
5.11204e-12 0 0 0 0 2 0 0 2 0 2 0 1 2 0 1 1 0 2 0 0 0 0 0 0 0 0 1 
1.12665e-12 0 0 0 0 0 0 0 2 0 2 0 1 2 0 1 1 0 2 0 0 0 0 0 0 0 0 1 
2.46353e-13 0 0 0 0 0 0 0 0 0 2 0 1 2 0 1 1 0 2 0 0 0 0 0 0 0 0 1 
5.34761e-14 0 0 0 0 0 0 1 0 0 2 0 0 2 0 2 1 0 2 0 0 0 0 0 0 0 0 1 
1.15298e-14 0 0 0 0 0 0 1 0 0 2 0 0 2 0 0 1 0 2 0 0 0 0 0 0 0 0 1 
2.47031e-15 0 0 0 0 0 0 1 0 0 2 0 0 2 0 0 1 0 0 0 0 0 0 0 0 0 0 1 
5.26177e-16 0 0 0 0 0 0 1 0 0 2 0 0 2 0 0 1 0 2 0 0 0 0 0 0 0 0 0 
1.11462e-16 0 0 0 0 0 0 1 0 0 0 0 0 2 0 0 1 0 2 0 0 0 0 0 0 0 0 0 
7.09733e-15 0 0 0 0 0 0 1 0 0 0 0 0 0 0 0 1 0 2 0 0 0 0 0 0 0 0 0 
2.18595e-13 0 0 0 0 0 0 1 0 0 0 0 0 0 0 0 2 0 2 0 0 0 0 0 0 0 0 0 
3.93479e-14 0 0 0 0 0 0 1 0 0 0 0 0 0 0 0 0 0 2 0 0 0 0 0 0 0 0 0 
0.18 2 2 1 1 2 2 1 1 2 1 2 0 2 2 1 2 1 2 2 2 0 2 1 0 1 2 0 
0.0324 2 2 0 1 2 2 1 1 2 1 2 0 2 2 0 2 1 2 2 1 0 2 2 0 1 1 0 
0.005832 2 0 0 1 2 2 1 1 2 1 2 0 2 2 0 2 1 2 2 1 0 2 2 0 1 1 0 
0.00104976 2 2 0 1 1 2 1 1 2 1 2 0 2 2 0 2 1 2 2 1 0 2 2 0 1 1 0 
0.000188957 2 2 0 1 1 0 1 1 2 2 2 0 2 2 0 2 1 2 2 0 0 2 2 0 1 1 0 
3.40122e-05 2 2 0 1 1 0 1 1 2 2 2 0 2 2 0 2 1 2 2 0 0 2 0 0 1 1 0 
6.1222e-06 2 2 0 1 1 0 1 1 2 2 0 0 2 2 0 2 1 2 2 0 0 2 0 0 1 1 0 
1.102e-06 2 2 0 1 1 0 1 1 2 2 0 0 2 0 0 2 0 2 2 0 0 2 0 0 1 1 0 
1.98359e-07 0 2 0 1 1 0 1 1 2 2 0 0 2 0 0 2 0 2 2 0 0 2 0 0 1 1 0 
3.57047e-08 1 2 0 1 1 0 1 1 2 2 0 0 2 0 0 2 0 2 2 0 0 2 0 0 1 1 0 
6.42684e-09 1 0 0 1 0 0 1 2 2 2 0 0 2 0 0 2 0 2 2 0 0 2 0 0 1 1 0 
1.15683e-09 1 0 0 1 0 0 1 0 2 2 0 0 2 0 0 2 0 2 2 0 0 2 0 0 1 1 0 
2.0823e-10 1 0 0 1 0 0 1 0 2 2 0 0 2 0 0 2 0 2 0 0 0 2 0 0 1 1 0 
3.74813e-11 1 0 0 1 0 0 1 0 2 2 0 0 2 0 0 2 0 2 0 0 0 0 0 0 0 1 0 
6.74664e-12 1 0 0 1 0 0 1 0 2 0 0 0 2 0 0 2 0 2 0 0 0 0 0 0 0 1 0 
1.2144e-12 1 0 0 1 0 0 1 0 0 0 0 0 2 0 0 2 0 2 0 0 0 0 0 0 0 1 0 
0 2 1 2 1 1 2 2 2 2 1 0 0 2 1 2 1 1 2 1 1 0 2 2 0 1 2 1 
0 2 1 2 1 1 2 2 2 2 1 1 0 2 1 2 1 2 2 1 1 0 2 2 0 1 2 1 
0 2 1 0 1 1 2 2 2 2 1 1 0 2 1 2 1 2 2 1 1 0 2 2 0 1 2 1 
0 2 1 0 1 1 0 2 2 2 1 1 0 2 1 2 1 2 2 2 0 0 1 2 0 1 2 1 
0 2 1 0 1 1 0 2 2 2 1 1 0 2 1 2 1 2 2 2 0 0 1 0 0 1 2 1 
0 2 1 0 1 1 0 2 2 2 1 1 0 2 1 2 1 2 2 2 0 0 1 0 0 1 0 1 
0 2 1 0 1 1 0 2 2 2 1 0 0 2 0 2 1 2 2 2 0 0 1 0 0 1 0 1 
0 2 1 0 1 1 0 2 2 2 1 0 0 2 2 2 1 2 2 2 0 0 1 0 0 1 0 1 
0 2 0 0 1 0 0 2 2 2 1 0 0 2 0 2 1 0 2 2 0 0 1 0 0 1 0 0 
0 2 0 0 1 0 0 2 0 2 1 0 0 2 0 2 1 0 2 2 0 0 1 0 0 1 0 0 
0 2 0 0 1 0 0 2 0 2 1 0 0 2 0 2 1 0 2 0 0 0 1 0 0 1 0 0 
0 2 0 0 1 0 0 2 0 2 0 0 0 2 0 0 1 0 2 0 0 0 0 0 0 0 0 0 
0 2 0 0 1 0 0 2 0 2 0 0 0 2 0 0 1 0 0 0 0 0 0 0 0 0 0 0 
1.40485e-21 2 0 0 1 0 0 2 0 2 0 0 0 0 0 0 1 0 0 0 0 0 0 0 0 0 0 0 
0 0 0 0 0 0 0 0 0 2 0 0 0 0 0 0 1 1 0 0 0 0 0 0 0 0 0 0 
0.18 2 1 0 1 1 0 1 2 1 2 0 0 2 2 2 2 2 1 2 0 0 1 0 2 1 0 2 
0.0324 2 1 0 1 1 0 1 2 1 2 0 0 2 0 2 2 2 1 2 0 0 1 0 2 1 0 2 
0.005832 2 1 0 1 1 0 1 2 1 2 0 0 2 0 2 2 0 1 2 0 0 1 0 2 1 0 2 
0.00104976 1 0 0 1 0 0 2 2 1 2 0 0 2 0 2 2 0 1 2 0 0 1 0 2 1 0 2 
0.000188957 1 0 0 1 0 0 2 0 1 2 0 0 2 0 2 2 0 1 2 0 0 1 0 2 1 0 2 
3.40122e-05 1 0 0 1 0 0 2 0 1 2 0 0 2 0 2 2 0 1 2 0 0 1 0 0 1 0 2 
6.1222e-06 1 0 0 1 0 0 2 0 1 2 0 0 2 0 2 2 0 1 0 0 0 0 0 0 0 2 2 
1.102e-06 1 0 0 1 0 0 2 0 1 0 0 0 2 0 2 2 0 1 0 0 0 0 0 0 0 2 2 
1.98359e-07 1 0 0 1 0 0 2 0 1 0 0 0 0 0 2 2 0 1 0 0 0 0 0 0 0 2 2 
3.57047e-08 0 0 0 0 0 0 2 0 0 0 0 0 0 0 2 0 0 1 0 0 0 0 0 0 0 2 2 
6.42684e-09 0 0 0 0 0 0 0 0 0 0 0 0 0 0 2 0 0 1 0 0 0 0 0 0 0 2 2 
0 1 1 0 1 1 0 1 2 0 2 0 0 2 2 0 1 1 0 2 2 0 2 2 1 1 1 2 
0 1 1 0 1 1 0 1 2 0 2 0 0 2 0 0 1 1 0 2 2 0 2 2 1 1 1 2 
0 1 1 0 1 1 0 1 2 0 2 0 0 2 0 0 1 1 0 0 2 0 2 2 1 1 1 2 
0 0 0 0 1 0 0 1 2 0 2 0 0 2 0 0 1 1 0 2 2 0 1 2 1 1 1 2 
0 1 0 0 1 0 0 2 2 0 2 0 0 2 0 0 1 1 0 2 2 0 1 2 1 1 1 2 
0 1 0 0 1 0 0 2 0 0 2 0 0 2 0 0 1 1 0 2 2 0 1 2 1 1 1 2 
0 1 0 0 1 0 0 2 0 0 2 0 0 2 0 0 1 1 0 0 2 0 0 2 0 0 1 2 
0 1 0 0 1 0 0 2 0 0 0 0 0 2 0 0 1 1 0 0 2 0 0 2 0 0 1 2 
0 1 0 0 1 0 0 2 0 0 0 0 0 0 0 0 1 1 0 0 2 0 0 2 0 0 1 2 
0 0 0 0 0 0 0 2 0 0 0 0 0 0 0 0 0 1 0 0 2 0 0 2 0 0 1 0 
0.4392 1 1 0 1 2 0 2 2 0 2 2 0 2 2 1 1 2 1 1 0 0 1 0 0 2 2 2 
0.146448 1 1 0 1 2 0 2 2 0 2 0 0 2 2 1 1 2 1 1 0 0 1 0 0 2 2 2 
0.0422237 1 1 0 1 2 0 2 2 0 2 0 0 2 0 1 1 2 1 1 0 0 1 0 0 2 2 2 
0.0111275 1 0 0 1 2 0 2 2 0 2 0 0 2 0 1 1 0 1 1 0 0 1 0 0 2 2 2 
0.00275877 1 0 0 1 0 0 2 2 0 2 0 0 2 0 1 1 0 1 1 0 0 1 0 0 2 2 2 
0.000654395 1 0 0 1 0 0 2 2 0 2 0 0 2 0 1 1 0 1 1 0 0 1 0 0 2 2 0 
0.000150116 1 0 0 1 0 0 2 0 0 2 0 0 2 0 0 1 0 1 0 0 0 0 0 0 2 2 0 
3.35448e-05 1 0 0 1 0 0 2 0 0 2 0 0 2 0 0 1 0 1 0 0 0 0 0 0 0 2 0 
7.33929e-06 1 0 0 1 0 0 2 0 0 0 0 0 2 0 0 1 0 1 0 0 0 0 0 0 0 2 0 
1.26252e-06 0 0 0 0 0 0 2 0 0 0 0 0 0 0 0 1 0 0 0 0 0 0 0 0 0 2 0 
3.64414e-07 0 0 0 0 0 0 0 0 0 0 0 0 0 0 0 1 0 0 0 0 0 0 0 0 0 2 0 
0 1 1 0 1 1 0 1 2 0 0 0 0 1 1 0 2 1 0 2 2 2 1 2 1 1 1 2 
0 1 1 0 1 1 0 1 2 0 2 0 0 2 0 0 2 1 0 2 2 2 1 2 1 1 1 2 
0 1 1 0 1 1 0 1 2 0 0 0 0 2 0 0 2 1 0 2 2 2 1 2 1 1 1 2 
0 1 1 0 1 1 0 1 2 0 0 0 0 2 0 0 2 1 0 2 2 0 1 2 1 1 1 2 
0.66407 2 1 0 1 1 0 2 2 1 1 2 0 2 2 0 2 1 0 0 2 1 0 2 1 2 2 1 
0.342859 2 1 0 1 1 0 2 2 1 1 2 0 2 2 0 2 1 0 0 2 1 0 2 1 0 2 1 
0.148047 2 1 0 1 1 0 2 2 1 2 2 0 2 2 0 1 1 0 0 2 1 0 2 1 0 2 1 
0.0561895 2 1 0 1 1 0 2 2 1 0 2 0 2 2 0 1 1 0 0 2 1 0 2 1 0 2 1 
0.0193642 2 1 0 1 1 0 2 2 1 0 2 0 0 2 0 1 1 0 0 2 1 0 2 1 0 2 1 
0.00619352 2 1 0 1 1 0 2 2 1 0 2 0 1 2 0 1 1 0 0 2 0 0 2 0 2 2 1 
0.00186686 2 1 0 1 1 0 2 2 1 0 2 0 1 2 0 1 1 0 0 2 0 2 2 0 1 2 1 
0.000428959 2 1 0 1 1 0 2 2 1 0 0 0 1 2 0 1 1 0 0 2 0 2 2 0 1 2 1 
0.000195587 2 1 0 1 1 0 2 2 1 0 0 0 0 0 0 0 1 0 2 2 0 1 2 0 2 2 1 
6.6789e-05 0 1 0 1 1 0 2 2 1 0 0 0 0 0 0 0 1 0 2 2 0 1 2 0 2 2 1 
2.02098e-05 0 1 0 1 1 0 2 2 1 0 0 0 0 0 0 0 1 0 0 2 0 1 2 0 2 2 1 
5.70831e-06 0 1 0 0 1 0 2 2 1 0 0 0 0 0 0 0 1 0 2 2 0 2 2 0 1 2 1 
1.53987e-06 0 1 0 0 1 0 2 2 1 0 0 0 0 0 0 0 1 0 0 2 0 2 2 0 1 2 1 
4.0157e-07 0 1 0 0 1 0 2 2 1 0 0 0 0 0 0 0 1 0 2 2 0 1 2 0 1 2 1 
1.01976e-07 0 1 0 2 1 0 2 2 1 0 0 0 0 0 0 0 1 0 0 2 0 0 2 0 0 2 1 
2.53377e-08 0 1 0 2 1 0 2 2 1 0 0 0 0 0 0 0 1 0 0 0 0 0 2 0 0 2 1 
6.1803e-09 0 1 0 2 1 0 2 2 1 0 0 0 0 0 0 0 1 0 0 0 0 0 2 0 2 2 1 
1.48354e-09 2 0 0 2 0 0 1 2 1 0 0 0 0 0 0 0 1 0 0 0 0 0 2 0 0 2 1 
3.51125e-10 2 0 0 2 0 0 1 2 1 0 0 0 0 0 0 0 1 0 0 0 0 0 0 0 0 2 1 
8.20644e-11 2 0 0 2 0 0 1 2 1 0 0 0 0 0 0 1 1 0 0 0 0 0 0 0 0 2 1 
1.89634e-11 2 0 0 2 0 0 1 0 0 0 0 0 0 0 0 0 1 0 0 0 0 0 0 0 0 2 0 
4.33708e-12 0 0 0 2 0 0 1 0 0 0 0 0 0 0 0 0 1 0 0 0 0 0 0 0 0 2 0 
9.82607e-13 0 0 0 0 0 0 1 0 0 0 0 0 0 0 0 0 1 0 0 0 0 0 0 0 0 2 0 
0 2 0 0 1 1 0 2 1 1 2 0 0 1 2 0 1 1 0 0 2 0 2 2 0 1 2 1 
0 2 0 0 1 1 0 2 1 1 0 0 0 1 2 0 1 1 0 0 2 0 2 2 0 1 2 1 
0.18 1 1 0 1 2 0 2 1 0 2 2 0 2 2 1 2 1 1 2 1 0 1 2 1 1 1 2 
0.0324 1 1 0 1 2 0 2 1 0 0 2 0 2 2 1 2 1 1 2 1 0 1 2 1 1 1 2 
0.005832 1 2 0 1 1 0 2 1 0 2 2 0 2 2 1 1 1 1 2 0 0 1 2 1 1 1 2 
0.00104976 1 2 0 1 1 0 2 1 0 2 2 0 2 2 1 1 1 1 2 0 0 1 0 1 1 1 2 
0.000188957 1 0 0 1 1 0 2 1 0 2 2 0 2 2 1 1 1 1 2 0 0 1 0 1 1 1 2 
3.40122e-05 1 1 0 2 1 0 2 2 0 2 2 0 2 2 1 1 1 1 2 0 0 1 0 1 1 0 2 
6.1222e-06 1 1 0 2 1 0 2 2 0 2 0 0 2 2 1 1 1 1 2 0 0 1 0 1 1 0 2 
1.102e-06 1 1 0 2 1 0 2 2 0 2 0 0 2 2 1 1 1 1 0 0 0 1 0 1 1 0 2 
1.98359e-07 1 0 0 2 0 0 2 2 0 2 0 0 2 2 1 1 1 1 1 0 0 1 0 0 2 0 2 
3.57047e-08 1 0 0 2 0 0 2 0 0 2 0 0 2 2 1 1 1 1 1 0 0 1 0 0 2 0 2 
6.42684e-09 1 0 0 2 0 0 2 0 0 0 0 0 2 2 1 1 1 1 1 0 0 1 0 0 2 0 2 
1.15683e-09 1 0 0 2 0 0 2 0 0 2 0 0 1 2 0 1 1 1 0 0 0 0 0 0 2 0 2 
2.0823e-10 1 0 0 2 0 0 2 0 0 2 0 0 1 2 0 1 1 1 0 0 0 0 0 0 0 0 2 
3.74813e-11 1 0 0 2 0 0 2 0 0 0 0 0 1 2 0 1 1 1 0 0 0 0 0 0 0 0 2 
6.74664e-12 0 0 0 2 0 0 2 0 0 0 0 0 0 2 0 1 1 0 0 0 0 0 0 0 0 0 0 
1.2144e-12 0 0 0 0 0 0 2 0 0 0 0 0 0 2 0 1 1 0 0 0 0 0 0 0 0 0 0 
5.06882e-11 0 0 0 0 0 0 0 0 0 0 0 0 0 2 0 1 1 0 0 0 0 0 0 0 0 0 0 
0.18 2 1 0 1 2 0 2 2 2 2 2 0 1 1 0 2 2 1 2 1 0 2 1 2 1 2 2 
0.0324 2 1 0 1 2 0 2 2 0 2 2 0 1 1 0 2 2 1 2 1 0 2 1 2 1 2 2 
0.005832 2 0 0 1 2 0 2 2 0 1 2 0 2 1 0 1 2 1 2 0 0 2 1 2 1 2 2 
0.00104976 2 2 0 1 2 0 2 1 0 1 2 0 2 1 0 1 2 1 2 0 0 2 1 2 1 2 2 
0.000188957 2 2 0 1 2 0 2 1 0 1 0 0 2 1 0 1 2 1 2 0 0 2 1 2 1 2 2 
3.40122e-05 0 2 0 2 2 0 1 1 0 1 0 0 2 0 0 1 2 1 2 0 0 2 1 2 1 2 2 
6.1222e-06 2 2 0 1 2 0 1 1 0 1 0 0 2 0 0 1 2 1 2 0 0 2 1 2 1 2 2 
1.102e-06 2 0 0 1 2 0 1 1 0 1 0 0 2 0 0 1 2 1 2 0 0 2 1 2 1 2 2 
1.98359e-07 2 0 0 1 0 0 1 0 0 1 0 0 2 0 0 1 2 1 2 0 0 2 1 2 1 2 2 
3.57047e-08 2 0 0 1 0 0 1 0 0 1 0 0 2 0 0 1 2 1 2 0 0 2 1 0 1 2 2 
6.42684e-09 2 0 0 1 0 0 1 0 0 1 0 0 2 0 0 1 2 1 0 0 0 2 1 0 1 2 2 
3.66301e-08 2 0 0 1 0 0 1 0 0 0 0 0 2 0 0 1 2 0 0 0 0 0 1 0 0 2 2 
2.0823e-10 2 0 0 1 0 0 1 0 0 0 0 0 2 0 0 1 2 0 0 0 0 0 1 0 0 2 0 
2.29788e-09 2 0 0 1 0 0 1 0 0 0 0 0 0 0 0 1 2 0 0 0 0 0 1 0 0 2 0 
6.00031e-10 0 0 0 0 0 0 0 0 0 0 0 0 0 0 0 1 2 0 0 0 0 0 0 0 0 2 0 
0.18 2 1 0 1 2 0 1 2 0 1 0 0 2 2 0 1 2 2 1 0 0 2 1 1 2 2 2 
0.0324 0 1 0 1 2 0 1 2 0 1 0 0 2 2 0 1 2 2 1 0 0 2 1 1 2 2 2 
0.005832 1 1 0 1 2 0 2 2 0 1 0 0 2 2 0 1 2 2 1 0 0 2 1 1 2 2 2 
0.00104976 1 0 0 2 2 0 1 2 0 1 0 0 2 0 0 1 2 2 1 0 0 2 1 1 2 2 2 
0.000188957 1 0 0 2 0 0 1 2 0 1 0 0 2 0 0 1 2 2 1 0 0 2 1 1 2 2 2 
3.40122e-05 1 0 0 2 2 0 1 1 0 1 0 0 2 0 0 1 2 2 1 0 0 2 1 1 2 2 2 
6.1222e-06 1 0 0 2 0 0 1 0 0 1 0 0 2 0 0 1 2 2 0 0 0 2 1 0 2 2 2 
1.102e-06 1 0 0 2 0 0 1 0 0 1 0 0 2 0 0 1 2 2 0 0 0 0 1 0 2 2 2 
1.98359e-07 1 0 0 2 0 0 1 0 0 1 0 0 2 0 0 1 2 0 0 0 0 0 1 0 2 2 2 
4.21979e-09 2 0 0 1 0 0 1 0 0 0 0 0 0 0 0 1 2 0 0 0 0 0 1 0 0 2 2 
1.94415e-10 0 0 0 0 0 0 0 0 0 0 0 0 0 0 0 1 2 0 0 0 0 0 0 0 0 0 0 
0 2 0 0 1 0 0 1 2 2 1 0 0 1 0 0 1 2 1 0 0 0 2 1 0 2 2 2 
0 2 0 0 1 0 0 1 0 2 1 0 0 1 0 0 1 2 1 0 0 0 2 1 0 2 2 2 
0 2 0 0 1 0 0 1 0 2 1 0 0 1 0 0 1 2 1 0 0 0 0 1 0 2 2 2 
0 2 0 0 1 0 0 1 0 2 0 0 0 0 0 0 1 2 0 0 0 0 0 1 0 0 2 2 
0 1 2 0 2 1 0 2 1 0 1 1 0 1 2 0 1 2 1 1 2 0 1 2 2 2 2 1 
0 1 2 0 2 1 0 2 1 0 1 1 0 1 2 0 1 2 1 1 0 0 1 2 2 2 2 1 
0 1 0 0 2 1 0 2 1 0 1 1 0 1 2 0 1 2 1 1 0 0 1 2 2 2 2 1 
0 2 1 0 2 1 0 2 2 0 1 0 0 1 2 0 1 2 1 1 0 0 1 2 2 2 2 1 
0 2 1 0 2 1 0 2 2 0 1 0 0 1 0 0 1 2 1 1 0 0 1 2 2 2 2 1 
0 0 1 0 2 1 0 2 2 0 1 0 0 1 0 0 1 2 1 1 0 0 1 2 2 2 2 1 
0 2 0 0 2 2 0 2 2 0 1 0 0 1 0 0 1 2 1 1 0 0 1 2 2 2 2 1 
0 2 0 0 2 0 0 2 2 0 1 0 0 1 0 0 1 2 1 1 0 0 1 2 2 2 2 1 
0 2 0 0 2 0 0 2 0 0 1 0 0 1 0 0 1 2 1 1 0 0 1 2 2 2 2 1 
0 2 0 0 2 0 0 2 0 0 1 0 0 1 0 0 1 2 0 0 0 0 0 2 0 2 2 1 
0 2 0 0 2 0 0 2 0 0 1 0 0 1 0 0 1 2 0 0 0 0 0 2 0 0 2 1 
0 0 0 0 2 0 0 2 0 0 1 0 0 1 0 0 1 2 0 0 0 0 0 2 0 0 2 1 
0 2 0 0 2 0 0 1 0 0 0 0 0 0 0 0 1 2 0 0 0 0 0 2 0 0 2 0 
0 0 0 0 2 0 0 1 0 0 0 0 0 0 0 0 1 2 0 0 0 0 0 2 0 0 2 0 
0 0 0 0 0 0 0 1 0 0 0 0 0 0 0 0 1 2 0 0 0 0 0 2 0 0 2 0 
0 2 0 0 2 0 0 1 2 1 2 0 0 1 1 2 1 1 2 2 0 0 1 0 0 1 1 2 
0 2 0 0 2 0 0 1 0 1 2 0 0 1 1 2 1 1 2 2 0 0 1 0 0 1 1 2 
0 2 0 0 2 0 0 1 0 1 2 0 0 1 1 2 1 1 2 2 0 0 1 0 0 1 1 0 
0 2 0 0 2 0 0 1 0 1 2 0 0 1 1 2 1 1 2 0 0 0 0 0 0 2 1 0 
0 2 0 0 2 0 0 1 0 1 2 0 0 1 1 2 1 1 2 0 0 0 0 0 0 0 1 0 
0 2 0 0 2 0 0 1 0 1 2 0 0 1 1 0 1 1 2 0 0 0 0 0 0 0 1 0 
0 2 0 0 2 0 0 1 0 0 0 0 0 0 1 0 0 1 2 0 0 0 0 0 0 0 1 0 
0 0 0 0 2 0 0 1 0 0 0 0 0 0 1 0 0 1 2 0 0 0 0 0 0 0 1 0 
0 0 0 0 2 0 0 1 0 0 0 0 0 0 1 0 0 1 0 0 0 0 0 0 0 0 1 0 
0 0 0 0 0 0 0 2 0 0 0 0 0 0 0 0 0 1 2 0 0 0 0 0 0 0 1 0 
0 2 0 0 2 0 2 1 2 1 2 0 0 1 1 2 1 1 2 2 0 0 1 0 0 1 1 0 
0 2 0 0 2 0 2 1 0 1 2 0 0 1 1 2 1 1 2 2 0 0 1 0 0 1 1 0 
0 2 2 0 2 1 0 1 1 0 2 0 0 2 2 0 1 1 0 0 2 0 0 1 0 0 1 1 
0 2 2 0 2 1 0 1 1 0 0 0 0 2 2 0 1 1 0 0 2 0 0 1 0 0 1 1 
0 2 2 0 2 1 0 1 1 0 0 0 0 2 2 0 1 1 0 0 0 0 0 1 0 0 1 1 
0 2 2 0 2 1 0 1 1 0 0 0 0 0 2 0 0 1 0 0 0 0 0 0 0 0 0 1 
0 0 2 0 2 1 0 1 1 0 0 0 0 0 2 0 0 1 0 0 0 0 0 0 0 0 0 1 
0 0 0 0 2 1 0 1 1 0 0 0 0 0 2 0 0 1 0 0 0 0 0 0 0 0 0 1 
6.42684e-09 0 0 0 0 0 0 0 2 0 0 0 0 0 2 0 0 1 0 0 0 0 0 0 0 0 0 1 
0.18 2 1 0 1 1 1 1 2 2 2 2 0 1 2 0 1 1 2 2 0 2 1 2 2 2 1 1 
0.0324 2 1 0 1 1 1 1 2 2 2 2 0 1 2 0 1 1 2 2 0 0 1 2 2 2 1 1 
0.005832 2 1 0 1 1 1 1 2 2 2 2 0 1 2 0 1 1 2 2 0 0 1 0 2 2 1 1 
0.00104976 2 0 0 1 0 0 1 2 2 2 2 0 1 2 0 1 1 2 2 0 0 1 0 0 2 1 1 
0.000188957 2 0 0 1 0 0 1 2 2 2 2 0 1 2 0 1 1 0 2 0 0 1 0 0 2 1 1 
3.40122e-05 2 0 0 1 0 0 1 2 2 0 2 0 1 2 0 1 1 0 2 0 0 1 0 0 2 1 1 
6.1222e-06 2 0 0 1 0 0 1 2 0 0 2 0 0 2 0 0 1 0 2 0 0 1 0 0 2 0 1 
1.102e-06 2 0 0 1 0 0 1 2 0 0 0 0 0 2 0 0 1 0 2 0 0 1 0 0 2 0 1 
1.98359e-07 0 0 0 1 0 0 1 2 0 0 0 0 0 2 0 0 1 0 2 0 0 1 0 0 2 0 1 
3.44193e-07 0 0 0 0 0 0 0 2 0 0 0 0 0 2 0 0 1 0 0 0 0 0 0 0 2 0 1 
1.72312e-07 0 0 0 0 0 0 0 2 0 0 0 0 0 0 0 0 1 0 0 0 0 0 0 0 0 0 1 
2.45149e-08 0 0 0 0 0 0 0 0 0 0 0 0 0 0 0 0 0 0 0 0 0 0 0 0 0 0 2 
0.324 2 1 0 2 1 0 1 2 2 2 1 0 2 2 0 1 1 1 2 2 2 1 2 1 2 1 1 
0.08424 2 1 0 2 1 0 1 2 2 2 1 0 2 2 0 1 1 1 2 0 2 1 2 1 2 1 1 
0.0198288 2 1 0 2 1 0 1 2 2 2 1 0 2 2 0 1 1 1 2 0 0 1 2 1 2 1 1 
0.00440899 2 0 0 2 1 0 1 2 2 2 1 0 2 2 0 1 1 0 2 0 0 1 0 0 2 1 1 
0.000944784 2 0 0 2 1 0 1 2 2 0 1 0 2 2 0 1 1 0 2 0 0 1 0 0 2 1 1 
0.000197271 2 0 0 2 1 0 1 2 0 0 1 0 2 2 0 1 1 0 2 0 0 1 0 0 2 1 1 
4.04065e-05 2 0 0 2 1 0 1 2 0 0 0 0 0 2 0 0 1 0 2 0 0 1 0 0 2 0 1 
8.15477e-06 0 0 0 2 1 0 1 2 0 0 0 0 0 2 0 0 1 0 2 0 0 1 0 0 2 0 1 
1.62655e-06 0 0 0 2 1 0 1 2 0 0 0 0 0 2 0 0 1 0 0 0 0 1 0 0 2 0 1 
5.29669e-07 0 0 0 0 0 0 0 2 0 0 0 0 0 0 0 0 1 0 0 0 0 0 0 0 2 0 1 
0.4392 2 1 0 1 2 0 1 2 2 2 2 0 1 2 0 1 1 1 2 2 2 1 1 2 2 1 1 
0.146448 2 1 0 1 2 0 1 2 2 2 2 0 1 2 0 1 1 1 2 2 0 1 1 2 2 1 1 
0.0422237 2 1 0 1 2 0 1 2 2 2 2 0 1 2 0 1 1 1 2 0 0 1 1 2 2 1 1 
0.0111275 2 0 0 1 2 0 1 2 2 2 2 0 1 2 0 1 1 0 2 0 0 1 0 0 2 1 1 
0.00275877 2 0 0 1 2 0 1 2 0 2 2 0 1 2 0 1 1 0 2 0 0 1 0 0 2 1 1 
0.000654395 2 0 0 1 2 0 1 2 0 0 2 0 1 2 0 1 1 0 2 0 0 1 0 0 2 1 1 
0.000150116 2 0 0 1 2 0 1 2 0 0 0 0 0 2 0 0 1 0 2 0 0 1 0 0 2 0 1 
3.35448e-05 2 0 0 1 2 0 1 2 0 0 0 0 0 0 0 0 1 0 2 0 0 1 0 0 2 0 1 
7.33929e-06 0 0 0 1 2 0 1 2 0 0 0 0 0 0 0 0 1 0 2 0 0 1 0 0 2 0 1 
1.26252e-06 0 0 0 0 2 0 0 2 0 0 0 0 0 0 0 0 1 0 0 0 0 0 0 0 2 0 1 
0 1 1 0 2 1 0 1 1 2 2 0 0 2 0 0 2 1 0 0 0 0 2 0 0 2 1 1 
0 1 1 0 2 1 0 1 1 2 2 0 0 2 0 0 2 1 0 0 0 0 0 0 0 2 1 1 
0 1 1 0 2 1 0 1 1 0 2 0 0 2 0 0 2 1 0 0 0 0 0 0 0 2 1 1 
0 2 0 0 1 1 0 2 1 0 0 0 0 2 0 0 2 1 0 0 0 0 0 0 0 2 1 1 
0 0 0 0 1 1 0 2 1 0 0 0 0 2 0 0 2 1 0 0 0 0 0 0 0 2 1 1 
0 1 0 0 2 1 0 1 1 0 0 0 0 2 0 0 2 1 0 0 0 0 0 0 0 2 1 1 
0 2 0 0 1 0 0 2 1 0 0 0 0 0 0 0 2 1 0 0 0 0 0 0 0 2 1 1 
0 0 0 0 1 0 0 2 1 0 0 0 0 0 0 0 2 1 0 0 0 0 0 0 0 2 1 1 
0 1 0 0 2 0 0 2 1 0 0 0 0 0 0 0 2 1 0 0 0 0 0 0 0 2 1 1 
0 0 0 0 2 0 0 2 0 0 0 0 0 0 0 0 0 0 0 0 0 0 0 0 0 2 1 1 
0 0 0 0 0 0 0 2 0 0 0 0 0 0 0 0 0 0 0 0 0 0 0 0 0 2 1 1 
0 0 0 0 0 0 0 2 0 0 0 0 0 0 0 0 0 0 0 0 0 0 0 0 0 0 1 1 
0 2 1 2 2 2 1 1 2 1 2 2 0 2 1 0 1 1 0 0 0 0 0 0 0 2 0 1 
0 2 1 2 2 2 1 1 2 1 0 2 0 2 1 0 1 1 0 0 0 0 0 0 0 2 0 1 
0 2 1 0 2 2 1 1 2 1 0 2 0 2 1 0 1 1 0 0 0 0 0 0 0 2 0 1 
0 2 1 0 2 2 0 1 2 0 0 2 0 0 1 0 0 1 0 0 0 0 0 0 0 2 0 1 
0 0 1 0 2 2 0 1 2 0 0 2 0 0 1 0 0 1 0 0 0 0 0 0 0 2 0 1 
0 0 1 0 2 2 0 1 2 0 0 0 0 0 1 0 0 1 0 0 0 0 0 0 0 2 0 1 
0 1 0 2 2 1 1 1 1 1 2 2 0 2 2 0 2 2 0 0 1 2 0 1 2 2 2 1 
0 1 1 2 2 1 1 1 1 1 2 2 0 2 2 0 2 2 0 0 1 2 0 1 2 2 2 1 
0 1 1 2 2 1 1 1 1 1 2 2 0 2 2 0 2 2 0 0 1 0 0 1 2 2 2 1 
0 1 1 2 2 1 1 1 1 1 2 2 0 2 2 0 2 2 0 0 0 0 0 2 0 2 2 1 
0 1 1 2 2 1 1 1 1 1 2 2 0 2 2 0 2 2 0 0 0 0 0 0 0 2 2 1 
0 1 1 2 2 1 1 1 1 1 2 2 0 2 2 0 2 2 0 0 0 0 0 0 0 2 0 1 
0 1 0 2 2 1 1 1 1 1 2 2 0 2 2 0 2 2 0 0 0 0 0 0 0 2 1 1 
0 1 0 0 2 1 1 1 1 1 2 2 0 2 2 0 2 2 0 0 0 0 0 0 0 2 1 1 
0 1 0 0 2 1 1 1 1 1 2 0 0 2 2 0 2 2 0 0 0 0 0 0 0 2 1 1 
0 1 1 0 2 1 0 1 1 0 2 2 0 2 2 0 2 1 0 0 0 0 0 0 0 2 1 1 
0 1 1 0 2 1 0 1 1 0 2 0 0 2 2 0 2 1 0 0 0 0 0 0 0 2 1 1 
0.66407 0 0 2 1 2 1 2 2 2 1 0 0 1 0 0 1 2 0 2 1 0 2 1 0 2 1 0 
0.342859 0 0 2 0 2 1 2 2 2 1 0 0 1 0 0 1 0 0 2 1 0 2 1 0 2 1 0 
0.148047 0 0 2 0 2 1 0 2 2 1 0 0 1 0 0 1 0 0 2 1 0 2 1 0 2 1 0 
0.0561895 0 0 0 0 2 1 0 2 2 1 0 0 1 0 0 1 0 0 2 1 0 2 1 0 2 1 0 
0.0154975 0 0 0 0 2 0 0 2 2 0 0 0 1 2 0 1 2 0 2 1 0 2 1 0 2 1 0 
0.00774437 0 0 0 0 0 0 0 2 2 0 0 0 1 2 0 1 2 0 2 1 0 2 1 0 2 1 0 
0.00288747 0 0 0 0 0 0 0 2 2 0 2 0 1 2 0 1 1 0 2 1 0 2 1 0 2 1 0 
0.000948704 0 0 0 0 0 0 0 0 2 1 2 0 1 2 0 2 1 0 2 0 0 2 0 0 2 1 0 
0.000289141 0 0 0 0 0 0 0 0 2 1 0 0 1 2 0 2 1 0 2 0 0 2 0 0 2 1 0 
8.36288e-05 0 0 0 0 0 0 0 0 2 1 0 0 1 0 0 2 1 0 2 0 0 2 0 0 2 1 0 
2.3241e-05 0 0 0 0 0 0 0 2 2 1 0 0 1 0 0 2 0 0 2 0 0 2 0 0 2 1 0 
6.25392e-06 0 0 0 0 2 0 0 1 2 1 0 0 1 0 0 2 0 0 2 0 0 2 0 0 2 1 0 
1.63808e-06 0 0 0 0 2 0 0 1 2 1 0 0 1 0 0 2 0 0 0 0 0 2 0 0 2 1 0 
4.19248e-07 0 2 0 0 1 0 0 1 2 0 0 0 0 0 0 2 0 0 0 0 0 0 0 0 2 1 0 
1.05158e-07 0 2 0 0 1 0 0 1 2 0 0 0 0 0 0 0 0 0 0 0 0 0 0 0 2 1 0 
2.59104e-08 0 0 0 0 1 0 0 1 2 0 0 0 0 0 0 0 0 0 0 0 0 0 0 0 2 1 0 
6.28339e-09 0 0 0 0 1 0 0 2 2 0 0 0 0 0 0 0 0 0 0 0 0 0 0 0 2 1 0 
1.5021e-09 0 1 0 0 2 0 0 1 2 0 0 0 0 0 0 0 0 0 0 0 0 0 0 0 2 1 0 
3.54465e-10 0 1 0 0 2 0 0 1 2 0 0 0 0 0 0 0 0 0 0 0 0 0 0 0 0 1 0 
8.26657e-11 0 0 0 0 2 0 0 1 0 0 0 0 0 0 0 0 0 0 0 0 0 0 0 0 0 1 0 
9.33222e-12 0 0 0 0 0 0 0 1 0 0 0 0 0 0 0 0 0 0 0 0 0 0 0 0 2 1 0 
0.18 2 2 0 1 2 1 1 2 2 1 1 0 1 2 0 1 2 2 2 1 0 2 1 0 2 1 0 
0.0324 2 0 0 1 2 1 1 2 2 1 1 0 1 2 0 1 2 2 2 1 0 2 1 0 2 1 0 
0.005832 0 0 0 1 2 1 1 2 2 1 1 0 1 2 0 1 2 2 2 1 0 2 1 0 2 1 0 
0.00104976 0 0 0 0 2 1 2 2 2 1 0 0 1 2 0 1 2 2 2 1 0 2 1 0 2 1 0 
0.000188957 0 0 0 0 2 1 2 2 2 1 0 0 1 0 0 1 2 2 2 1 0 2 1 0 2 1 0 
3.40122e-05 0 0 0 0 2 1 0 2 2 1 0 0 1 0 0 1 2 2 2 1 0 2 1 0 2 1 0 
0 1 2 0 2 1 0 1 1 2 1 1 2 2 2 2 2 1 1 2 2 0 2 1 0 1 1 1 
0 1 2 0 2 1 0 1 1 0 1 1 2 2 2 2 2 1 1 2 2 0 2 1 0 1 1 1 
0 1 2 0 2 1 0 1 1 0 1 1 0 2 2 2 2 1 1 2 2 0 2 1 0 1 1 1 
0 2 2 0 1 1 0 2 1 0 1 1 0 2 2 2 2 1 1 2 0 0 2 0 0 1 1 1 
0 0 2 0 1 1 0 2 1 0 1 1 0 2 2 2 2 1 1 2 0 0 2 0 0 1 1 1 
0 1 2 0 2 1 0 2 1 0 1 1 0 2 2 2 2 1 1 2 0 0 2 0 0 1 1 1 
0 1 0 0 2 0 0 2 1 0 1 1 0 2 2 2 2 1 1 2 0 0 2 0 0 1 0 0 
0 1 0 0 2 0 0 2 1 0 1 1 0 2 2 2 2 1 1 0 0 0 2 0 0 1 0 0 
0 1 0 0 2 0 0 2 1 0 1 1 0 2 2 0 2 1 1 0 0 0 2 0 0 1 0 0 
0 1 0 0 2 0 0 2 1 2 0 1 0 2 2 0 2 1 0 0 0 0 0 0 0 1 0 0 
0 1 0 0 2 0 0 2 1 2 0 1 0 0 2 0 2 1 0 0 0 0 0 0 0 1 0 0 
0 1 0 0 2 0 0 2 1 0 0 1 0 0 2 0 2 1 0 0 0 0 0 0 0 1 0 0 
0 0 0 0 2 0 0 2 0 0 0 0 0 0 2 0 0 1 0 0 0 0 0 0 0 1 0 0 
0 0 0 0 0 0 0 2 0 0 0 0 0 0 2 0 0 1 0 0 0 0 0 0 0 1 0 0 
0 0 0 0 0 0 0 2 0 0 0 0 0 0 0 0 0 1 0 0 0 0 0 0 0 1 0 0 
0.324 1 2 0 2 1 0 2 2 0 2 2 0 2 2 0 1 2 0 2 0 0 1 2 0 1 2 0 
0.08424 1 2 0 2 1 0 2 2 0 2 0 0 2 2 0 1 2 0 2 0 0 1 2 0 1 2 0 
0.048263 1 2 0 2 1 0 2 2 0 2 0 0 2 2 0 1 2 0 2 0 0 1 0 0 1 2 0 
0.0122145 1 0 0 2 0 0 2 2 0 2 0 0 2 2 0 1 2 0 2 0 0 1 0 0 1 2 0 
0.00295444 1 0 0 2 0 0 2 0 0 2 0 0 2 2 0 1 2 0 2 0 0 1 0 0 1 2 0 
0.000689617 1 0 0 2 0 0 2 0 0 2 0 0 2 0 0 1 2 0 2 0 0 1 0 0 1 2 0 
0.000156456 1 0 0 2 0 0 2 0 0 2 0 0 2 0 0 1 2 0 0 0 0 0 0 0 1 2 0 
3.46859e-05 1 0 0 2 0 0 2 0 0 0 0 0 2 0 0 1 2 0 0 0 0 0 0 0 1 2 0 
7.54471e-06 1 0 0 2 0 0 2 0 0 0 0 0 2 0 0 1 2 0 0 0 0 0 0 0 1 0 0 
1.61512e-06 0 0 0 2 0 0 2 0 0 0 0 0 0 0 0 0 2 0 0 0 0 0 0 0 1 1 0 
3.41108e-07 0 0 0 0 0 0 2 0 0 0 0 0 0 0 0 0 2 0 0 0 0 0 0 0 1 1 0 
7.12094e-08 0 0 0 0 0 0 2 0 0 0 0 0 0 0 0 0 0 0 0 0 0 0 0 0 1 1 0 
0 2 2 0 1 1 0 1 2 1 0 2 0 1 2 1 2 1 2 1 1 0 1 2 0 1 2 2 
0 2 2 0 1 1 0 1 2 0 1 2 0 2 2 0 2 1 2 1 0 0 1 2 0 1 2 2 
0 2 2 0 1 1 0 1 2 0 1 2 0 2 2 0 2 1 2 1 0 0 1 0 0 1 2 2 
0 0 2 0 1 1 0 1 2 0 1 2 0 2 2 0 2 1 2 1 0 0 1 0 0 1 2 2 
0 0 2 0 2 1 0 1 2 0 1 2 0 2 2 0 2 1 2 1 0 0 1 0 0 1 2 2 
0 2 2 0 1 1 0 2 2 0 1 2 0 2 2 0 2 1 2 1 0 0 1 0 0 1 2 2 
0 2 0 0 1 1 0 2 2 0 1 2 0 2 2 0 2 1 2 1 0 0 1 0 0 1 2 2 
0 2 0 0 1 0 0 2 2 0 1 2 0 2 2 0 2 1 2 0 0 0 1 0 0 1 2 2 
0 2 0 0 1 0 0 2 2 0 1 0 0 2 2 0 2 1 2 0 0 0 1 0 0 1 2 2 
0 0 0 0 1 0 0 2 2 0 1 0 0 2 2 0 2 1 2 0 0 0 1 0 0 1 2 2 
0 2 0 0 1 0 0 1 2 0 1 0 0 2 2 0 2 1 2 0 0 0 0 0 0 1 2 2 
0 2 0 0 1 0 0 1 2 0 1 0 0 2 0 0 2 1 2 0 0 0 0 0 0 1 2 2 
0 0 0 0 1 0 0 1 2 0 1 0 0 2 0 0 2 1 2 0 0 0 0 0 0 1 2 2 
0 1 0 0 1 0 0 2 2 0 0 0 0 2 0 0 2 1 2 0 0 0 0 0 0 1 2 2 
0 1 0 0 1 0 0 2 2 0 0 0 0 2 0 0 2 1 2 0 0 0 0 0 0 1 2 0 
0 1 0 0 1 0 0 2 2 0 0 0 0 0 0 0 2 1 2 0 0 0 0 0 0 1 2 0 
0 0 0 0 0 0 0 2 0 0 0 0 0 0 0 0 2 1 2 0 0 0 0 0 0 0 2 0 
0 0 0 0 0 0 0 2 0 0 0 0 0 0 0 0 2 1 0 0 0 0 0 0 0 0 2 0 
0 0 0 0 0 0 0 0 0 0 0 0 0 0 0 0 2 1 0 0 0 0 0 0 0 0 2 0 
0 0 0 0 0 0 0 0 0 0 0 0 0 0 0 0 2 1 1 0 0 0 0 0 0 0 0 0 
2.47573e-09 0 0 0 0 0 0 0 0 0 0 0 0 0 0 0 0 0 2 0 0 0 0 0 0 0 0 0 
0.18 1 2 0 2 1 0 2 2 0 2 2 0 2 2 0 1 2 0 2 0 0 1 0 0 1 2 0 
0 1 2 0 1 1 0 2 2 1 0 2 0 0 1 2 1 1 2 2 0 2 2 0 1 1 0 2 
0 1 2 0 1 1 0 2 2 1 0 2 0 0 1 0 1 1 2 2 0 2 2 0 1 1 0 2 
0 1 2 0 1 1 0 2 2 1 0 2 0 0 1 0 1 1 2 2 0 0 2 0 1 1 0 2 
0 1 2 0 1 1 0 2 2 1 0 2 0 0 1 0 0 1 2 2 0 2 2 0 1 1 0 2 
0 1 2 0 1 1 0 2 2 1 0 2 0 0 1 0 0 1 0 2 0 2 2 0 1 1 0 2 
0 1 2 0 1 1 0 2 2 1 0 2 0 0 1 0 0 1 0 2 0 0 2 0 1 1 0 2 
0 1 2 0 1 1 0 2 2 0 0 2 0 0 1 0 0 1 0 2 0 2 2 0 2 1 0 1 
0 1 2 0 1 1 0 2 2 0 0 2 0 0 1 0 0 1 0 2 0 0 2 0 2 1 0 1 
0 1 2 0 1 1 0 2 2 0 0 2 0 0 1 0 0 1 0 2 0 0 2 0 0 1 0 1 
0 1 2 0 1 1 0 2 2 0 0 2 0 0 1 0 0 1 0 2 0 0 2 0 0 1 0 2 
0 1 2 0 1 1 0 2 2 0 0 2 0 0 1 0 0 1 0 2 0 0 2 0 0 1 0 0 
0 1 2 0 1 1 0 2 2 2 0 2 0 0 1 0 0 1 0 2 0 0 2 0 0 1 0 0 
0 0 2 0 0 1 0 2 2 0 0 2 0 0 1 0 0 1 0 2 0 0 2 0 0 1 0 2 
0 0 2 0 0 1 0 2 2 0 0 0 0 0 1 0 0 1 0 2 0 0 2 0 0 1 0 2 
0 0 2 0 0 1 0 2 2 0 0 0 0 0 1 0 0 1 0 2 0 0 2 0 2 1 0 1 
0 0 2 0 0 1 0 0 2 0 0 0 0 0 0 0 0 0 0 2 0 2 2 0 1 1 0 2 
0 0 0 0 0 1 0 0 2 0 0 0 0 0 0 0 0 0 0 2 0 2 2 0 1 1 0 2 
4.13043e-17 0 0 0 0 1 0 0 2 0 0 0 0 0 0 0 0 0 0 2 0 0 2 0 1 1 0 2 
7.43477e-18 0 0 0 0 0 0 0 2 0 0 0 0 0 0 0 0 0 0 2 0 2 2 0 1 1 0 1 
1.33826e-18 0 0 0 0 0 0 0 2 0 0 0 0 0 0 0 0 0 0 2 0 0 2 0 1 1 0 1 
2.40887e-19 0 0 0 0 0 0 0 2 0 0 0 0 0 0 0 0 0 0 2 0 1 2 0 1 1 0 2 
4.33596e-20 0 0 0 0 0 0 0 0 0 0 0 0 0 0 0 0 0 0 2 0 0 2 0 2 1 0 2 
7.80473e-21 0 0 0 0 0 0 0 0 0 0 0 0 0 0 0 0 0 0 2 0 0 2 0 0 1 0 2 
1.37675e-21 0 0 0 0 0 0 0 0 0 0 0 0 0 0 0 0 0 0 2 0 0 2 0 0 1 0 0 
2.47816e-22 0 0 0 0 0 0 0 0 0 0 0 0 0 0 0 0 0 0 0 0 0 2 0 0 1 0 0 
4.46068e-23 0 0 0 0 0 0 0 0 0 0 0 0 0 0 0 0 0 0 0 0 0 0 0 0 1 0 0 
2.66871e-09 0 0 0 0 0 0 0 0 0 0 0 0 0 0 0 0 0 0 0 0 0 0 0 0 2 0 0 
0.18 1 2 2 2 1 2 1 2 1 2 2 1 1 1 2 2 1 1 2 1 0 2 1 0 2 2 2 
0.0324 1 2 2 2 1 2 1 2 1 2 2 0 1 1 2 2 1 1 2 1 0 2 2 0 2 1 0 
0.005832 1 2 2 2 1 2 1 2 1 2 0 0 1 1 2 2 1 1 2 1 0 2 2 0 2 1 0 
0.00104976 1 2 2 2 1 2 1 2 1 2 1 0 1 1 2 2 2 1 2 1 0 2 2 0 2 1 0 
0.000188957 1 2 2 2 1 2 1 2 1 2 1 0 1 2 0 2 1 0 2 1 0 2 2 0 2 1 0 
3.40122e-05 1 2 0 2 1 2 1 2 1 2 1 0 1 2 0 2 1 0 2 1 0 2 2 0 2 1 0 
6.1222e-06 1 2 0 2 1 2 1 2 1 2 1 0 1 2 0 2 1 2 2 1 0 2 2 0 2 1 0 
1.102e-06 1 2 0 2 1 0 1 2 0 2 1 0 1 2 0 2 1 2 2 0 0 2 2 0 2 1 2 
1.98359e-07 1 2 0 2 1 0 1 2 0 2 1 0 1 2 0 2 1 2 0 0 0 2 2 0 2 1 2 
3.57047e-08 1 2 0 2 1 0 1 2 0 2 1 0 1 2 0 2 1 2 2 0 0 2 2 0 1 1 2 
6.42684e-09 1 2 0 2 1 0 1 2 0 2 0 0 1 2 0 2 1 2 2 0 0 2 0 2 1 0 1 
1.15683e-09 1 2 0 2 1 0 1 2 0 0 0 0 1 2 0 2 1 2 2 0 0 2 0 2 1 0 1 
2.0823e-10 1 2 0 2 1 0 1 2 0 1 0 0 2 2 0 1 1 2 2 0 0 2 0 2 1 0 1 
3.74813e-11 1 2 0 2 1 0 1 2 0 2 0 0 1 0 0 2 0 2 2 0 0 2 0 2 1 0 1 
6.74664e-12 1 0 0 2 1 0 1 2 0 2 0 0 1 0 0 2 0 2 2 0 0 2 0 2 1 0 1 
1.2144e-12 1 0 0 2 1 0 1 2 0 2 0 0 1 0 0 2 0 2 2 0 2 2 0 1 1 0 2 
2.18591e-13 2 0 0 1 1 0 1 2 0 0 0 0 0 0 0 2 0 2 2 0 2 2 0 1 1 0 2 
3.93464e-14 2 0 0 1 1 0 1 2 0 0 0 0 0 0 0 0 0 2 2 0 2 2 0 1 1 0 2 
7.08235e-15 2 0 0 1 1 0 1 2 0 0 0 0 0 0 0 0 0 2 2 0 0 2 0 1 1 0 2 
1.27482e-15 0 0 0 0 1 0 2 2 0 0 0 0 0 0 0 0 0 2 2 0 0 2 0 1 1 0 2 
2.29468e-16 0 0 0 0 1 0 0 2 0 0 0 0 0 0 0 0 0 2 2 0 0 2 0 1 1 0 2 
0.4392 1 2 1 1 1 2 2 2 1 2 1 0 2 2 2 1 1 2 2 1 0 1 2 0 1 1 0 
0.146448 1 2 1 1 1 2 2 2 1 2 1 0 2 2 0 1 1 2 2 1 0 1 2 0 1 1 0 
0.0422237 1 2 1 1 1 2 2 2 1 2 1 0 2 2 0 1 1 2 2 1 0 1 2 0 1 1 2 
0.0111275 1 2 0 1 1 2 2 2 1 2 1 0 2 2 0 1 1 0 2 0 0 1 2 2 1 1 1 
0.00275877 1 2 0 1 1 2 2 2 1 2 1 0 2 2 0 1 1 0 0 0 0 1 2 2 1 1 1 
0.000654395 1 2 0 1 1 2 2 2 1 2 1 0 2 2 0 1 1 0 1 0 0 1 2 2 2 1 1 
0.000150116 1 2 0 1 1 2 2 2 1 2 0 0 2 2 0 1 1 0 1 0 0 2 0 2 1 1 1 
3.35448e-05 1 0 0 1 1 2 2 2 1 2 0 0 2 2 0 1 1 0 1 0 0 2 0 2 1 1 1 
7.33929e-06 1 1 0 1 2 2 2 1 1 2 0 0 2 2 0 1 1 0 1 0 0 2 0 2 1 1 1 
1.57815e-06 1 2 0 1 1 2 2 2 1 2 0 0 2 0 0 1 0 0 1 0 0 2 0 2 1 1 1 
3.34453e-07 1 2 0 1 1 2 2 2 1 0 0 0 2 0 0 1 0 0 1 0 0 2 0 2 1 1 1 
7.00114e-08 1 2 0 1 1 2 2 2 1 2 0 0 1 0 0 2 0 0 1 0 0 2 0 2 1 1 1 
1.45011e-08 1 0 0 1 0 2 2 2 1 2 0 0 1 0 0 2 0 0 2 0 0 1 0 2 2 1 1 
2.97602e-09 1 0 0 1 0 2 2 0 1 2 0 0 1 0 0 2 0 0 2 0 0 1 0 2 2 1 1 
6.05848e-10 1 0 0 1 0 2 2 0 1 2 0 0 1 0 0 2 0 0 2 0 2 1 0 1 2 1 2 
1.2246e-10 1 0 0 2 0 2 1 0 1 2 0 0 1 0 0 2 0 0 0 0 2 0 0 1 2 1 2 
2.45959e-11 1 0 0 2 0 2 1 0 1 2 0 0 1 0 0 2 0 0 0 0 2 0 0 1 0 1 2 
4.91201e-12 1 0 0 2 0 2 1 0 1 2 0 0 1 0 0 2 0 0 0 0 0 0 0 1 0 1 2 
9.75948e-13 2 0 0 1 0 2 1 0 1 0 0 0 0 0 0 2 0 0 0 0 0 0 0 1 0 1 2 
1.93008e-13 0 0 0 1 0 2 1 0 1 0 0 0 0 0 0 2 0 0 0 0 0 0 0 1 0 1 2 
3.80091e-14 1 0 0 1 0 2 2 0 1 0 0 0 0 0 0 2 0 0 0 0 0 0 0 1 0 1 2 
7.45625e-15 0 0 0 0 0 2 2 0 1 0 0 0 0 0 0 0 0 0 0 0 0 0 0 0 0 1 2 
1.45751e-15 0 0 0 0 0 2 0 0 1 0 0 0 0 0 0 0 0 0 0 0 0 0 0 0 0 1 2 
0.18 1 2 2 2 1 1 2 2 2 2 1 1 1 2 2 2 1 1 1 2 0 2 1 0 1 2 2 
0.0324 1 2 2 2 1 1 2 2 2 2 1 1 1 2 2 2 1 1 1 2 0 2 1 0 1 2 0 
0.005832 1 2 2 2 1 1 2 2 2 2 1 1 1 2 2 2 1 1 1 0 0 2 1 0 1 2 0 
0.00104976 1 2 2 2 1 1 2 2 2 2 2 0 1 1 2 2 2 1 1 1 0 2 2 0 1 1 0 
0.000188957 1 2 2 2 1 1 2 2 2 2 2 0 1 1 0 2 2 1 1 1 0 2 2 0 1 1 0 
3.40122e-05 1 2 2 2 1 1 2 2 2 2 0 0 1 1 0 2 2 1 1 1 0 2 2 0 1 1 0 
6.1222e-06 1 2 2 2 1 1 2 2 2 2 2 0 1 1 0 2 2 0 1 1 0 2 2 0 1 1 0 
1.102e-06 1 2 0 2 1 1 2 2 2 2 2 0 1 1 0 2 2 0 1 1 0 2 2 0 1 1 0 
1.98359e-07 1 0 0 2 1 1 2 2 2 2 2 0 1 1 0 2 2 0 1 1 0 2 2 0 1 1 0 
3.57047e-08 1 2 0 2 1 0 2 2 2 2 2 0 1 1 0 2 2 0 1 1 0 2 2 0 1 1 0 
6.42684e-09 1 2 0 2 1 0 2 2 0 2 2 0 1 1 0 2 2 0 1 1 0 2 2 0 1 1 0 
1.15683e-09 1 0 0 2 1 0 2 2 0 2 2 0 1 1 0 2 2 0 1 1 0 2 2 0 1 1 0 
2.0823e-10 1 1 0 2 2 0 2 1 0 2 2 0 1 1 0 2 2 0 2 0 0 1 2 0 1 1 0 
3.74813e-11 1 1 0 2 2 0 2 1 0 2 2 0 1 1 0 2 2 0 2 0 0 1 0 0 1 1 0 
6.74664e-12 1 1 0 2 2 0 2 1 0 2 2 0 1 1 0 2 2 0 0 0 0 1 0 0 1 1 0 
1.2144e-12 1 1 0 2 2 0 2 1 0 2 2 0 1 1 0 2 2 0 1 0 0 2 0 0 2 0 0 
2.18591e-13 1 1 0 2 2 0 2 1 0 2 0 0 1 1 0 2 2 0 1 0 0 2 0 0 2 0 0 
3.93464e-14 1 1 0 2 2 0 2 1 0 0 0 0 1 1 0 2 2 0 1 0 0 2 0 0 2 0 0 
7.08235e-15 1 1 0 2 2 0 2 1 0 2 0 0 1 0 0 1 2 0 1 0 0 2 0 0 2 0 0 
1.27482e-15 1 1 0 2 2 0 2 1 0 2 0 0 1 0 0 1 0 0 1 0 0 2 0 0 2 0 0 
2.29468e-16 1 1 0 2 2 0 2 1 0 0 0 0 1 0 0 1 0 0 1 0 0 2 0 0 2 0 0 
4.13043e-17 2 0 0 2 2 0 1 1 0 1 0 0 1 0 0 1 0 0 1 0 0 2 0 0 2 0 0 
7.43477e-18 2 0 0 2 0 0 1 1 0 1 0 0 1 0 0 1 0 0 1 0 0 2 0 0 2 0 0 
1.33826e-18 0 0 0 2 0 0 1 1 0 1 0 0 1 0 0 1 0 0 1 0 0 2 0 0 2 0 0 
2.40887e-19 2 0 0 1 0 0 2 0 0 1 0 0 1 0 0 1 0 0 0 0 0 2 0 0 2 0 2 
4.33596e-20 2 0 0 1 0 0 2 0 0 1 0 0 1 0 0 1 0 0 0 0 0 0 0 0 2 0 2 
7.80473e-21 2 0 0 1 0 0 2 0 0 1 0 0 1 0 0 1 0 0 0 0 0 0 0 0 0 0 2 
2.52873e-22 2 0 0 1 0 0 2 0 2 0 0 0 0 0 0 1 0 0 0 0 0 0 0 0 0 2 0 
4.55172e-23 0 0 0 1 0 0 2 0 2 0 0 0 0 0 0 1 0 0 0 0 0 0 0 0 0 2 0 
0.18 2 2 2 1 1 1 1 2 2 2 2 0 2 1 0 2 1 0 2 2 0 1 1 0 1 1 0 
0.0324 2 2 0 1 1 1 1 2 2 2 2 0 2 1 0 2 1 0 2 2 0 1 1 0 1 1 0 
0.005832 2 0 0 1 1 1 1 2 2 2 2 0 2 1 0 2 1 0 2 2 0 1 1 0 1 1 0 
0.00104976 2 2 0 1 1 0 1 2 2 2 2 0 2 1 0 2 1 0 2 2 0 1 1 0 1 1 0 
0.000188957 2 2 0 1 1 0 1 2 0 2 2 0 2 1 0 2 1 0 2 2 0 1 1 0 1 1 0 
3.40122e-05 2 2 0 1 1 0 1 2 0 2 2 0 2 1 0 2 1 0 2 0 0 1 1 0 1 1 0 
6.1222e-06 2 2 0 1 1 0 1 2 0 2 2 0 2 1 0 2 1 2 2 0 0 1 0 0 1 0 2 
1.102e-06 2 2 0 1 1 0 1 2 0 2 0 0 2 1 0 2 1 2 2 0 0 1 0 0 1 0 2 
1.98359e-07 2 2 0 1 1 0 1 2 0 0 0 0 2 1 0 2 1 2 2 0 0 1 0 0 1 0 2 
3.57047e-08 2 2 0 1 1 0 1 2 0 2 0 0 2 0 0 1 0 2 2 0 0 1 0 2 1 0 1 
6.42684e-09 2 0 0 1 1 0 1 2 0 2 0 0 2 0 0 1 0 2 2 0 0 1 0 2 1 0 1 
1.15683e-09 0 0 0 1 1 0 1 2 0 2 0 0 2 0 0 1 0 2 2 0 0 1 0 2 1 0 1 
2.0823e-10 1 0 0 2 0 0 2 2 0 2 0 0 2 0 0 1 0 2 2 0 0 1 0 2 1 0 1 
3.74813e-11 1 0 0 2 0 0 2 0 0 2 0 0 2 0 0 1 0 2 2 0 0 1 0 2 1 0 1 
6.74664e-12 1 0 0 2 0 0 2 0 0 2 0 0 2 0 0 1 0 2 0 0 0 1 0 2 1 0 1 
1.2144e-12 1 0 0 2 0 0 2 0 0 2 0 0 2 0 0 1 0 2 0 0 0 0 0 0 0 0 0 
2.18591e-13 1 0 0 2 0 0 2 0 0 0 0 0 2 0 0 1 0 2 0 0 0 0 0 0 0 0 0 
3.93464e-14 1 0 0 2 0 0 2 0 0 0 0 0 0 0 0 1 0 2 0 0 0 0 0 0 0 0 0 
7.08235e-15 0 0 0 2 0 0 2 0 0 0 0 0 0 0 0 0 1 0 0 0 0 0 0 0 0 0 0 
1.27482e-15 0 0 0 0 0 0 2 0 0 0 0 0 0 0 0 0 1 0 0 0 0 0 0 0 0 0 0 
2.29468e-16 0 0 0 0 0 0 0 0 0 0 0 0 0 0 0 0 1 0 0 0 0 0 0 0 0 0 0 
